graph_100_100 0 5 7 11 21 22 23 24 25 26 30 31 34 35 36 38 39 40 43 45 46 49 50 54 55 60 62 63 64 67 69 72 73 75 77 78 79 80 81 82 83 86 92 93 96 97 99
graph_100_1000 22 31 33 35 41 44 49 50 62 64 77 89
graph_100_250 6 7 10 14 16 18 19 21 22 26 31 32 35 36 38 42 44 50 51 53 57 58 60 63 64 69 73 75 77 78 79 80 86 87 91 93 99
graph_100_500 16 18 21 22 31 35 44 49 50 55 64 74 79 80 81 86 87 91
graph_250_1000 0 2 4 5 6 7 8 9 10 11 14 15 16 18 19 20 22 24 26 28 29 30 33 35 36 37 43 48 49 51 55 60 64 66 68 69 70 76 77 80 83 90 91 94 97 102 105 107 112 114 133 134 143 152 155 156 166 170 172 174 182 184 213 214 220 225 226 231 240 243
graph_250_250 11 22 23 24 25 26 28 31 33 35 36 38 39 40 41 43 44 45 46 49 50 55 62 66 69 71 72 74 78 79 80 83 86 87 89 93 96 98 100 104 106 108 109 115 117 119 120 123 125 128 130 131 135 137 138 139 145 151 153 155 157 159 160 162 167 169 170 171 172 175 179 180 184 185 187 188 192 193 196 197 198 200 201 203 204 205 209 213 216 217 218 219 221 222 223 224 226 228 230 234 236 237 238 239 240 243 247 248 249
graph_250_500 1 10 11 12 13 15 21 22 23 25 26 28 31 33 36 37 38 40 41 42 44 45 46 47 49 50 55 56 58 61 64 69 77 78 81 83 89 91 95 100 102 104 105 106 108 110 115 118 119 120 121 122 123 129 133 135 137 138 143 144 147 149 150 151 152 153 155 157 159 160 161 167 169 171 172 173 174 175 177 181 182 183 184 185 186 191 193 197 198 199 200 201 203 204 210 213 216 217 218 219 222 223 234 236 237 238 246 247
graph_500_1000 0 1 3 4 5 7 8 9 10 11 12 13 14 15 16 17 18 19 20 21 22 23 26 28 29 30 31 32 33 35 36 37 38 39 40 41 42 43 45 47 48 49 50 51 52 53 54 55 56 57 58 60 61 63 65 67 68 69 70 71 72 74 75 76 77 78 80 81 82 83 84 87 88 89 90 91 92 96 97 98 99 102 103 105 106 110 112 115 117 118 119 120 122 126 127 130 134 135 137 141 142 143 147 149 150 152 154 155 156 158 161 163 164 166 167 169 170 171 172 175 181 185 186 187 188 189 195 201 203 204 208 211 213 214 218 219 220 222 223 226 228 229 230 232 234 241 255 257 258 262 264 265 269 272 275 277 283 284 286 296 298 302 304 316 326 327 332 341 342 346 349 350 351 353 357 358 360 362 365 369 373 382 385 390 411 417 424 436 438 445 454 457 463 464 468 472 487 495 496 498
graph_500_500 6 10 11 12 14 22 23 24 25 26 28 31 33 35 36 38 40 44 46 49 50 51 58 60 61 64 67 69 70 75 77 78 80 83 86 89 91 94 104 105 106 108 109 113 115 116 117 118 120 121 124 125 126 127 131 132 134 137 141 142 148 149 151 155 157 158 159 160 162 163 164 167 170 172 175 177 180 182 184 185 186 187 190 192 193 195 197 201 203 206 207 210 213 217 218 219 220 224 226 230 237 238 239 240 243 244 245 251 254 255 258 261 264 265 267 269 270 271 272 273 275 276 277 279 280 287 288 291 292 293 296 297 298 302 303 309 310 311 314 316 317 321 326 327 328 329 330 333 334 336 337 340 343 345 346 347 348 353 355 356 357 359 362 371 372 374 376 380 381 383 384 386 387 391 398 399 402 403 406 407 409 410 416 419 420 421 423 426 429 431 432 435 436 437 438 440 443 447 450 451 455 457 459 461 463 464 468 470 471 476 477 479 480 481 485 486 487 489 490 491 492 499
graph_50_1000 36 49
graph_50_250 11 25 26 30 31 40 45 49
graph_50_50 1 3 9 16 21 22 24 25 31 33 35 36 37 39 40 41 44 46 48 49
graph_50_500 9 22 27
