graph_100_100 3 12 14 22 26 27 31 36 38 39 40 41 45 46 47 48 49 50 51 55 58 66 67 68 70 71 77 78 79 83 86 87 90 99
graph_100_1000
graph_100_250 80
graph_100_500
graph_250_1000
graph_250_250 0 10 12 22 23 24 25 26 28 31 33 35 36 40 42 44 45 46 47 49 54 55 59 61 62 67 69 70 76 82 83 86 89 92 95 101 102 105 108 109 110 115 118 120 121 125 129 130 131 135 137 151 160 163 164 166 167 168 169 172 175 180 184 185 187 190 192 193 195 197 200 204 210 214 216 217 219 222 223 225 228 233 234 238 239 243 247
graph_250_500 23 26 38 40 69 86 137 138 160 174 180 197 213 236
graph_500_1000 134 150 190 222 258 260 340
graph_500_500 4 10 11 12 16 22 24 25 26 35 36 37 38 39 41 44 46 49 50 55 58 61 63 67 73 74 75 83 86 96 105 106 108 109 115 117 118 121 125 130 131 137 141 146 149 150 151 155 156 157 161 164 167 169 170 172 174 175 180 184 185 187 190 192 193 197 198 201 203 204 208 211 213 215 217 218 219 223 229 230 231 232 233 237 239 240 243 244 245 253 254 256 257 258 259 261 262 263 264 266 267 269 272 273 280 281 282 288 289 292 294 304 307 308 309 310 311 316 318 321 322 324 326 327 330 334 337 339 341 345 346 347 350 355 367 372 374 378 383 386 387 389 391 396 398 403 411 420 421 423 426 431 433 435 437 447 448 451 457 460 462 468 469 470 471 475 476 477 479 480 483 486 490 491 493 496 498
graph_50_1000
graph_50_250
graph_50_50 3 5 9 13 14 17 26 28 31 32 33 36 37 39 41 46 49
graph_50_500
