graph_100_100 3 7 9 11 13 16 19 21 22 23 24 25 26 30 32 33 34 35 36 43 45 46 49 50 53 54 55 59 62 63 66 67 69 70 71 72 77 78 81 83 84 86 89 92 93 95 96
graph_100_1000 7 26 33 35 42 46 48 51 62 79 80 86
graph_100_250 1 10 13 16 17 18 19 27 33 34 35 36 39 41 49 50 54 55 57 59 60 62 64 65 69 72 77 79 81 83 91 93 95 99
graph_100_500 7 11 27 28 32 33 35 38 44 46 49 54 55 58 64 69 74 80 83 86 99
graph_250_1000 2 7 11 13 14 17 19 21 23 24 31 32 35 36 39 40 44 45 47 49 58 59 61 64 66 74 77 78 79 80 88 89 90 93 96 104 105 107 109 111 113 116 118 119 120 125 126 132 133 134 135 142 145 151 153 155 157 160 171 172 178 180 181 182 184 187 190 193 194 197 198 201 203 204 206 210 211 215 216 217 219 225 227 234 235 237 238 246 248
graph_250_250 2 4 5 11 12 13 14 16 20 21 24 26 27 31 33 34 35 36 37 38 39 40 41 43 44 45 49 50 51 54 55 56 58 60 62 65 66 69 71 73 74 75 77 78 79 80 82 83 85 88 89 91 96 104 106 108 109 110 111 114 115 116 117 118 119 120 121 122 131 132 133 134 137 138 141 144 146 147 148 151 152 153 155 156 157 162 167 168 173 175 176 178 181 187 189 192 193 195 196 197 198 200 203 204 205 206 207 208 209 210 211 212 213 216 217 218 221 222 223 224 225 226 228 229 234 235 236 237 240 243 247
graph_250_500 0 5 8 10 11 13 14 15 16 18 20 21 23 24 26 30 31 33 37 38 40 44 45 46 49 50 52 55 56 57 59 60 61 62 69 72 74 76 77 78 80 81 83 87 88 89 90 95 96 98 99 102 105 106 107 115 116 118 121 122 128 129 133 134 135 136 137 138 141 144 147 149 150 151 159 160 164 165 166 167 168 169 171 173 174 175 177 178 181 182 183 184 185 186 188 193 195 197 198 199 201 203 204 206 207 208 210 213 216 217 219 222 223 227 228 230 236 238 239 240 242 243 244 245 246 247
graph_500_1000 1 4 8 10 11 12 14 15 21 22 23 25 26 28 31 32 33 34 37 38 39 41 43 44 45 46 48 49 51 54 56 58 59 64 65 67 70 72 73 77 78 79 80 83 84 86 90 91 93 94 96 98 99 103 104 105 106 107 108 113 115 116 117 120 121 122 123 128 129 131 134 137 139 142 144 148 149 152 157 159 160 161 162 163 164 166 167 169 170 172 173 174 175 177 179 180 182 183 184 185 187 189 190 192 193 195 197 198 201 203 204 205 206 211 212 213 214 216 217 218 220 221 222 223 225 226 227 228 231 232 233 234 237 238 239 240 241 242 243 247 249 251 253 254 256 258 260 261 264 267 270 271 272 273 276 277 279 282 283 286 288 290 291 292 294 295 298 301 306 307 308 309 310 311 312 313 314 315 317 318 320 321 322 323 326 329 330 331 335 336 337 338 339 340 343 348 352 353 355 357 359 360 361 363 365 366 368 369 370 372 374 376 377 378 379 380 383 386 387 388 389 390 391 393 395 398 399 402 403 407 408 409 415 416 417 419 420 421 422 425 426 427 430 431 433 434 436 437 438 439 440 441 444 446 448 451 454 457 458 459 461 462 464 465 466 468 470 471 473 477 478 480 481 482 483 484 486 487 488 489 490 491 492 493
graph_500_500 2 9 10 11 12 14 17 18 21 26 27 28 29 34 35 36 38 40 41 42 44 45 46 47 48 50 51 53 55 61 62 64 65 67 68 69 70 72 73 75 77 78 83 86 91 95 97 98 99 100 104 106 107 108 109 110 111 113 114 115 117 118 120 124 125 126 127 128 131 132 133 134 135 136 138 141 144 148 149 151 153 154 155 156 157 158 159 160 161 163 164 166 167 172 174 175 177 178 180 181 182 185 186 187 190 191 194 195 196 197 199 200 203 206 207 208 210 212 214 216 218 219 223 225 227 228 230 231 233 236 237 238 239 240 241 242 243 247 250 252 254 258 259 260 261 262 264 265 267 268 269 270 271 272 273 275 277 278 279 280 283 284 287 290 291 292 293 298 299 301 303 305 306 308 309 317 319 320 321 323 324 325 327 329 330 332 333 334 336 337 340 342 343 346 347 348 349 350 351 353 357 363 367 369 371 372 374 375 376 377 379 381 383 386 389 390 391 394 398 399 401 402 403 405 406 407 410 413 416 418 419 422 423 424 426 428 429 430 431 435 436 437 438 440 441 447 448 450 451 454 455 458 459 461 462 463 464 467 468 469 471 476 478 479 481 482 483 484 485 491 492 496 499
graph_50_1000 36 49
graph_50_250 16 17 21 24 31 39 40 49
graph_50_50 1 3 6 9 14 19 21 22 24 25 27 30 31 35 36 38 39 40 45 46 48 49
graph_50_500 16 26 27 31
