graph_100_100 0 1 2 3 4 6 9 12 15 16 18 19 21 23 24 25 26 28 29 30 31 32 33 34 35 36 37 38 39 41 43 45 46 48 49 50 51 52 53 56 59 60 61 62 63 64 65 66 67 69 72 73 74 75 77 83 86 87 88 89 91 93 95 98 99
graph_100_1000 3 5 10 11 12 13 17 18 19 21 23 28 29 30 31 32 33 35 36 38 40 41 43 44 49 50 51 55 64 66 72 75 77 79 80 81 83 84 89 92 96 98
graph_100_250 0 2 4 5 7 8 9 10 11 13 15 17 18 19 20 21 22 23 24 25 26 27 31 34 35 36 37 38 39 40 41 43 45 46 47 48 49 50 52 53 55 56 59 60 61 62 63 64 65 66 67 68 69 70 72 73 74 76 77 78 79 81 82 83 84 86 87 88 89 90 91 92 93 94 95 96 97 98 99
graph_100_500 1 4 6 7 9 10 11 12 13 14 15 16 17 19 21 22 25 26 27 28 29 32 34 35 36 38 39 40 42 44 45 46 47 48 49 52 53 54 56 57 58 62 63 64 67 68 69 70 71 72 73 74 75 76 77 78 79 82 83 86 87 88 89 91 93 95 96 98 99
graph_250_1000 0 1 3 7 8 10 12 13 14 16 17 19 21 24 25 27 30 31 32 33 34 36 38 39 41 42 44 45 46 47 48 50 51 53 55 56 57 58 59 60 63 64 67 68 69 70 72 73 74 75 77 78 79 80 81 82 83 86 88 89 94 96 98 102 103 104 105 108 109 111 112 113 115 116 117 118 119 120 122 123 126 127 128 131 132 133 134 135 136 137 139 141 142 144 145 146 147 148 149 151 153 154 155 156 157 158 159 160 161 162 163 164 165 167 168 169 170 172 173 174 175 178 179 180 181 182 183 184 185 186 187 188 189 192 193 194 196 197 198 201 203 204 205 206 210 213 214 215 216 217 218 219 221 222 223 224 225 226 229 230 231 233 235 236 237 238 240 242 244 245 247 249
graph_250_250 0 4 5 10 11 13 15 16 17 18 19 21 22 23 25 26 28 29 31 33 36 39 40 41 42 43 44 45 46 47 48 49 50 54 55 59 60 61 62 63 64 65 67 70 72 73 75 76 78 79 80 81 82 85 86 88 89 90 93 94 95 96 97 98 101 103 104 105 106 108 110 112 113 114 115 116 117 118 119 120 122 123 124 125 127 130 131 132 133 135 136 137 138 140 143 145 146 147 148 150 151 152 153 155 156 158 160 161 163 165 167 168 172 173 174 175 177 179 180 181 182 183 184 185 187 189 190 191 194 195 197 199 202 203 204 206 207 209 210 211 216 217 219 220 222 223 225 228 229 230 232 233 234 236 237 239 240 241 243 244 247 248 249
graph_250_500 0 1 2 3 5 6 12 13 14 15 16 19 21 22 23 24 25 26 27 28 29 30 31 33 34 35 36 38 39 40 41 42 44 45 46 47 49 50 51 52 54 55 56 57 58 59 61 65 66 67 68 70 71 72 74 78 79 82 83 84 85 86 87 88 89 90 91 94 96 97 98 102 103 104 105 106 108 111 112 113 114 115 116 118 119 120 122 123 124 126 127 128 129 130 131 132 133 134 138 139 143 144 145 146 149 150 151 152 153 157 158 159 160 161 163 165 167 168 169 170 171 172 173 174 175 177 178 179 180 182 183 184 185 187 188 190 191 194 196 197 198 199 200 201 203 204 205 209 211 212 213 214 215 216 217 218 219 220 221 223 225 226 227 230 231 232 234 236 237 238 239 240 242 244 245 246 247 249
graph_500_1000 0 1 2 4 8 11 13 14 15 18 19 20 21 23 24 25 26 27 29 30 32 33 34 35 36 37 38 39 40 41 43 44 45 46 49 51 53 55 58 59 61 62 63 64 66 67 69 71 72 73 76 77 78 79 81 82 83 84 85 87 88 90 91 93 95 96 97 98 99 100 101 105 106 110 113 115 116 117 118 119 120 123 124 125 126 128 129 130 134 136 137 138 139 140 141 142 143 145 147 148 149 150 151 152 153 154 156 157 159 160 161 162 163 164 165 166 167 168 170 173 174 176 178 179 180 181 182 184 185 186 187 189 190 192 193 194 195 197 198 199 201 203 204 206 207 210 212 213 214 215 216 217 218 220 222 223 224 226 227 229 230 231 232 233 234 236 237 238 240 241 242 243 244 245 247 250 251 253 255 256 258 260 261 262 263 264 265 266 268 269 270 271 272 274 276 277 279 280 282 283 284 286 287 290 291 292 293 294 295 296 297 298 299 301 302 303 304 305 306 307 309 310 311 312 313 314 315 316 317 318 320 321 322 323 324 325 327 329 330 331 333 334 335 337 339 340 342 343 345 346 347 348 349 350 352 353 355 356 357 358 359 360 361 363 365 366 367 370 371 372 373 374 375 376 377 380 381 383 386 387 388 390 391 393 395 396 397 398 399 400 401 402 403 404 405 406 407 408 412 414 415 416 417 418 419 420 421 422 426 427 428 431 432 433 434 435 436 438 440 442 444 445 446 447 448 449 455 456 458 459 460 461 463 464 466 468 470 471 472 473 475 477 480 484 486 487 491 492 493 495 496 497 498
graph_500_500 1 3 5 9 10 13 15 19 20 21 22 23 24 25 26 28 30 32 33 34 35 36 38 39 41 43 47 49 50 51 52 53 54 55 56 58 59 60 62 63 64 65 66 67 69 71 72 73 74 75 76 77 78 79 80 81 82 83 84 85 87 89 93 95 96 97 99 101 103 107 109 111 112 113 114 117 118 119 121 122 123 124 127 129 130 131 132 134 135 137 138 142 145 146 147 149 150 151 153 154 156 157 158 160 162 163 164 165 166 167 168 169 170 171 172 173 174 175 177 178 179 180 181 182 187 188 190 192 195 198 199 201 202 203 204 205 206 207 208 213 215 216 217 219 223 224 225 226 228 229 230 231 232 235 236 238 240 241 242 243 246 247 249 250 252 253 254 255 256 257 258 259 262 263 264 266 267 268 269 272 273 274 275 277 279 280 282 283 284 286 288 289 290 291 294 295 296 302 305 306 307 308 311 312 313 314 316 317 320 321 322 324 325 327 329 330 331 332 333 336 338 339 342 346 347 349 350 351 352 355 358 359 360 362 364 366 370 371 372 374 377 379 381 385 387 389 390 392 393 395 400 402 404 405 406 407 408 410 412 414 415 417 418 421 422 423 424 427 428 429 430 431 432 433 435 436 437 440 442 444 445 446 447 449 450 451 452 454 455 456 460 461 462 463 464 465 466 467 468 469 470 472 474 475 476 477 478 479 480 481 483 484 485 486 487 488 490 491 494 496 497 498 499
graph_50_1000 8 13 17 18 31 49
graph_50_250 0 1 2 3 5 9 11 16 17 18 19 20 22 24 26 28 29 30 31 33 34 35 36 37 39 40 41 42 43 45 49
graph_50_50 0 2 3 4 5 6 7 8 11 14 16 18 19 20 22 24 25 26 27 30 32 33 34 35 36 37 38 41 42 43 44 45 46 47 49
graph_50_500 2 4 8 9 14 15 18 24 25 28 29 30 33 35 43 45 46
