graph_100_100 0 3 4 5 7 11 12 14 20 21 22 23 24 26 28 30 31 32 34 35 36 37 38 40 45 46 49 50 54 56 58 62 63 64 65 67 69 73 75 77 78 79 80 81 83 86 90 91 96 99
graph_100_1000 16 23 26 35 46 49 51 64 69 73 80 83 96
graph_100_250 4 6 7 10 14 16 18 19 21 22 26 27 31 32 35 38 41 46 51 53 54 56 57 60 62 63 64 69 77 78 79 80 86 91 94 99
graph_100_500 0 16 22 23 28 31 35 39 44 48 49 50 54 57 60 64 75 78 80 86 95
graph_250_1000 0 4 12 14 16 23 24 26 29 35 38 39 40 41 44 45 49 50 52 53 61 64 66 69 72 73 74 77 78 79 80 81 82 83 86 88 89 96 103 106 108 110 111 113 114 115 116 117 118 121 122 123 125 127 130 131 135 137 141 144 145 147 148 150 151 157 159 160 164 165 169 175 178 180 183 184 186 189 190 194 195 199 201 203 207 210 214 216 219 223 233 234 237 238 239 247
graph_250_250 6 7 8 9 15 20 21 22 24 27 28 31 32 33 36 37 38 39 40 41 42 43 44 46 47 49 50 51 53 54 55 56 57 59 61 66 69 71 72 73 76 78 80 83 86 87 88 89 90 91 92 93 96 99 100 103 106 108 111 114 115 117 119 120 121 122 126 130 132 134 139 141 142 143 145 148 149 150 152 153 155 156 157 160 164 166 167 169 170 173 174 175 177 178 183 185 186 187 190 192 198 199 201 203 206 211 213 217 219 220 222 223 224 228 229 230 233 234 238 239 243 247 249
graph_250_500 5 6 7 10 11 12 13 14 18 21 22 23 24 25 26 28 31 32 33 37 38 41 42 44 45 46 47 49 50 55 56 58 61 64 69 72 74 75 78 87 88 89 95 96 97 98 99 102 106 109 115 118 119 120 122 129 131 133 134 135 137 138 141 143 144 146 149 150 151 152 155 157 158 159 160 161 163 167 169 171 172 175 177 179 182 183 184 185 186 187 189 191 192 193 197 198 199 200 201 203 204 211 213 215 216 217 219 222 234 236 237 238 247 248 249
graph_500_1000 0 1 2 3 11 14 15 17 20 23 25 26 28 31 32 33 34 36 38 39 40 44 46 48 49 51 54 55 56 58 60 61 62 64 66 67 68 69 73 75 76 77 78 80 82 83 84 85 86 89 90 91 93 99 101 102 105 106 107 108 109 113 115 117 118 119 120 121 123 125 126 128 129 131 135 137 138 140 142 143 148 150 151 153 155 157 159 162 163 164 166 167 169 170 173 174 175 176 177 178 180 182 183 184 185 188 191 192 193 194 195 197 198 199 200 201 202 203 204 205 210 211 213 214 215 216 217 218 219 220 221 222 223 226 227 228 230 231 232 233 234 237 238 240 241 243 244 247 249 251 253 254 256 257 258 260 261 262 264 267 270 271 272 273 275 276 277 279 280 283 288 289 291 292 294 295 298 299 300 302 306 307 308 309 314 317 318 319 320 321 323 326 330 331 335 337 338 339 340 345 346 348 350 352 353 355 360 363 365 370 371 372 374 377 378 379 381 384 386 387 389 392 393 394 396 397 398 399 400 402 403 404 405 406 407 410 412 415 416 419 420 421 423 426 429 431 434 435 436 437 438 440 442 443 444 447 448 449 453 454 455 457 459 461 462 464 468 469 470 471 476 477 478 479 480 481 482 483 484 486 489 490 491 492 493
graph_500_500 4 6 7 9 10 13 14 20 22 23 24 25 26 28 30 31 33 35 36 37 38 39 40 41 42 45 46 47 49 51 52 54 55 56 59 60 61 64 66 70 72 75 77 78 80 85 87 88 91 92 93 94 96 99 100 105 106 108 109 112 114 115 117 119 121 123 126 127 131 133 134 135 137 139 140 141 142 143 148 149 151 154 155 156 157 158 160 163 164 166 167 170 172 174 175 177 178 180 182 184 187 188 189 192 193 194 195 196 197 200 201 203 204 206 207 210 213 216 217 218 219 220 227 229 230 231 232 234 237 238 239 240 245 247 249 250 251 254 256 257 258 261 263 264 267 269 270 271 273 274 277 279 280 282 283 285 286 287 288 290 291 292 293 294 297 300 302 303 308 309 310 311 312 314 315 316 322 324 326 327 329 330 332 336 339 340 343 345 346 347 357 360 362 363 367 369 376 377 378 381 382 383 384 387 389 390 391 396 398 399 401 402 403 406 407 409 411 412 414 415 419 420 421 423 426 429 431 432 434 435 437 438 440 442 448 451 456 457 458 460 462 467 468 471 473 476 477 478 479 480 482 483 485 487 489 490 491 492
graph_50_1000 36 49
graph_50_250 11 25 26 31 40 45 47 49
graph_50_50 1 4 9 11 14 21 24 25 30 31 33 35 36 37 38 40 45 46 48 49
graph_50_500 9 22 27
