graph_100_100 0 7 8 10 11 14 16 19 21 22 23 24 25 26 31 33 34 35 36 37 40 41 44 45 46 49 50 54 55 58 60 62 63 64 69 72 75 77 78 79 80 81 82 83 86 91 92 93 96
graph_100_1000 14 22 31 33 35 44 49 50 62 64 77 78 80 86 89 96
graph_100_250 0 1 3 4 6 7 9 11 12 13 14 15 16 19 21 22 24 25 27 29 30 31 32 33 34 35 36 37 45 46 49 51 54 61 70 78 86
graph_100_500 18 21 22 31 35 38 44 49 50 55 64 74 75 79 80 81 86 87 91
graph_250_1000 1 7 14 16 21 24 25 26 31 35 36 38 39 41 42 44 45 46 49 50 55 61 64 69 72 73 74 77 78 79 80 81 83 89 90 96 106 107 109 111 115 116 117 118 121 122 132 134 135 137 141 143 144 147 151 157 159 160 169 174 175 180 182 183 184 186 189 194 198 199 200 201 204 207 210 216 217 219 223 233 234 237 238 239 247
graph_250_250 0 6 10 11 22 23 24 25 26 31 32 33 35 36 37 38 40 41 44 46 49 50 55 58 61 62 64 66 69 72 74 75 78 79 80 81 83 86 87 89 90 93 96 100 104 105 106 108 109 113 115 117 118 119 120 121 123 125 128 129 130 131 132 135 137 138 141 146 148 151 153 157 159 160 162 167 169 170 171 172 174 175 177 179 180 181 184 185 187 188 189 193 197 198 200 201 203 204 208 209 213 216 217 218 219 221 222 226 230 233 234 237 238 243 245 247 248
graph_250_500 1 10 11 13 16 21 23 24 25 26 28 31 33 36 37 38 40 41 42 44 45 46 47 49 50 52 55 58 61 64 69 76 77 78 83 89 90 96 100 102 103 104 106 108 109 110 115 117 118 119 120 121 122 127 129 132 133 135 137 138 144 145 147 148 149 150 151 153 157 159 160 167 169 171 172 174 175 177 180 183 184 185 186 188 189 191 192 193 197 198 199 201 203 204 207 213 216 217 219 222 223 230 234 236 237 238 239 245 247 248
graph_500_1000 0 1 3 4 5 7 8 9 10 11 12 13 14 15 16 17 18 19 20 21 22 23 26 28 29 30 31 32 33 35 36 37 38 39 40 41 42 43 45 47 48 49 50 52 53 54 55 56 57 58 60 61 63 64 65 67 68 70 71 72 74 75 76 77 78 80 81 82 83 84 87 88 89 90 91 92 96 97 98 99 102 103 105 106 110 112 115 117 118 120 122 127 130 134 135 137 141 142 143 145 147 148 149 150 152 154 155 156 157 158 161 163 164 166 167 169 170 171 172 175 181 185 186 187 188 192 193 195 201 204 208 211 213 214 215 218 219 220 221 222 223 228 229 230 232 234 240 241 247 248 253 255 257 258 262 264 265 270 272 275 276 277 283 284 286 296 298 302 312 314 316 320 324 327 332 342 345 346 349 350 353 358 360 362 363 365 369 372 382 392 402 403 404 411 417 424 431 434 435 436 438 445 454 457 464 468 472 477 487 491 495 498
graph_500_500 6 10 11 12 14 21 22 23 24 25 26 31 33 35 36 38 40 44 45 46 49 50 51 55 57 58 60 61 64 69 70 75 78 80 83 86 91 94 96 100 105 106 108 109 113 115 117 118 119 121 124 125 126 127 129 130 131 135 137 141 142 147 149 151 155 157 159 160 163 164 167 169 170 172 175 177 180 182 184 185 186 187 189 190 192 193 195 197 200 201 203 204 206 210 213 217 218 219 220 224 226 230 232 234 237 238 239 243 244 245 249 251 254 256 258 261 263 267 269 270 271 272 273 275 276 277 279 280 282 287 288 291 292 293 297 302 304 308 310 311 314 316 317 321 326 327 329 330 334 335 336 337 340 343 346 347 348 355 357 362 369 371 372 374 376 377 380 381 383 384 387 389 391 398 399 402 403 406 407 409 416 419 420 421 423 426 429 431 432 434 435 436 437 438 443 450 451 455 457 459 460 461 462 468 470 471 476 477 479 480 481 483 485 486 487 490 491 492 499
graph_50_1000 36 49
graph_50_250 9 19 25 26 31 40 45 49
graph_50_50 1 4 9 21 22 24 25 31 33 35 36 37 38 39 40 41 44 46 48 49
graph_50_500 7 22 36 40
