graph_100_100 8 11 12 14 19 21 22 23 24 25 26 31 32 33 34 35 36 38 40 41 44 45 46 48 49 50 54 55 58 60 62 63 64 67 69 71 75 77 78 79 80 81 83 86 89 91 92
graph_100_1000 22 26 31 35 44 49 50 54 64 69 77 86 96
graph_100_250 7 10 11 13 14 16 21 22 23 31 33 35 36 38 41 42 49 50 53 57 60 62 63 64 69 77 78 79 80 83 86 87 91 93 95
graph_100_500 18 21 22 27 35 38 44 46 49 50 64 72 74 79 80 81 86 91
graph_250_1000 7 11 14 16 21 24 25 31 32 33 35 36 38 41 42 44 45 46 49 50 55 61 64 69 72 73 74 77 78 79 80 83 89 90 96 106 108 109 111 115 116 117 118 120 121 122 132 133 135 137 143 144 147 149 151 157 159 160 169 174 175 180 182 183 184 186 189 194 198 199 200 201 203 204 210 214 217 219 223 234 236 237 238 239 247
graph_250_250 10 11 12 22 23 24 25 26 28 30 31 32 33 35 36 38 40 45 46 49 50 55 62 63 66 67 69 71 72 74 77 78 79 80 81 83 86 87 89 91 103 104 105 108 109 114 115 117 118 119 120 121 128 129 130 131 134 137 138 151 153 155 157 159 160 162 164 166 167 170 171 172 175 179 180 184 187 190 193 197 198 201 203 204 205 206 207 211 213 216 217 218 219 221 222 223 226 228 230 234 236 237 238 239 243 247 249
graph_250_500 1 10 11 12 13 21 23 24 25 26 28 31 33 36 38 40 41 42 44 45 46 47 49 50 55 56 58 61 64 66 67 69 72 78 89 91 102 106 108 109 115 117 118 119 120 121 122 129 132 133 137 138 143 148 149 150 151 153 155 157 159 160 167 169 170 171 172 174 175 177 179 180 183 184 185 186 188 191 192 193 197 198 199 200 201 203 204 210 211 213 216 217 219 222 223 224 230 234 236 238 239 247
graph_500_1000 1 10 11 13 14 15 20 22 23 24 25 26 28 31 33 34 36 38 39 40 44 46 48 49 51 54 55 56 58 62 63 64 67 69 70 73 75 76 77 78 79 80 83 85 89 91 94 99 101 105 106 107 108 113 115 117 118 119 120 121 123 127 129 131 132 133 134 135 137 142 148 149 150 151 152 154 155 157 163 164 166 167 169 170 173 174 175 178 180 182 184 185 189 190 192 193 195 197 201 203 205 206 210 213 214 215 216 217 219 220 222 223 224 226 228 230 232 233 234 235 237 238 240 243 247 249 251 253 254 256 257 258 261 262 264 267 269 270 271 272 275 276 277 279 280 282 283 287 288 291 292 294 296 297 300 302 306 307 310 314 317 319 320 321 323 328 330 331 335 337 338 339 340 343 345 346 347 348 355 360 362 363 369 370 372 374 378 381 383 384 387 388 389 392 393 394 395 397 398 399 402 403 406 407 408 410 411 412 416 417 419 420 421 423 426 430 431 433 434 435 436 437 438 440 446 447 451 458 461 462 464 468 470 471 477 478 479 480 481 483 484 486 488 489 490 491 492 493
graph_500_500 4 6 11 12 22 23 24 25 26 28 31 33 35 36 38 40 44 45 46 49 50 51 55 57 58 60 61 62 64 69 70 75 77 78 79 80 83 86 91 94 96 100 104 105 106 108 109 113 115 117 118 119 120 121 124 125 127 131 135 137 138 141 147 149 150 151 155 157 159 160 163 164 167 169 170 172 175 177 178 180 182 184 185 186 187 190 192 193 197 200 201 203 204 210 213 217 218 219 222 224 226 230 232 233 234 237 238 239 240 243 244 245 249 251 255 256 258 259 260 261 262 265 267 268 271 272 273 275 276 277 279 280 281 282 287 288 289 291 292 297 302 305 308 311 312 314 316 317 321 326 327 328 329 330 334 335 337 340 343 345 346 347 348 355 357 363 369 371 372 374 376 377 380 381 382 383 384 387 391 395 398 399 402 403 406 407 416 419 420 421 423 426 431 432 435 436 437 438 443 450 451 455 457 459 460 461 462 463 468 469 470 471 473 475 476 477 479 480 481 483 486 487 489 490 491 492 499
graph_50_1000 36 49
graph_50_250 9 25 26 30 31 40 45 49
graph_50_50 3 9 16 19 21 22 24 25 26 30 31 33 35 36 39 40 45 46 48 49
graph_50_500 9 22 27
