graph_100_100 4 7 9 11 12 16 21 22 23 24 26 31 34 35 36 40 41 43 44 45 46 49 50 54 61 62 63 66 67 69 71 72 73 75 77 78 80 81 82 83 86 90 91 92 97 99
graph_100_1000 22 31 33 35 44 45 46 49 50 69 74 77
graph_100_250 7 10 14 18 23 31 35 38 41 50 53 56 57 62 63 64 65 69 77 78 79 80 81 86 90 91 93 95 97 99
graph_100_500 16 18 22 31 35 38 39 44 45 46 49 50 55 64 74 79 80 86 96
graph_250_1000 0 2 4 5 6 7 8 9 10 11 14 15 16 18 19 20 21 22 24 26 28 29 30 33 35 36 37 43 48 51 55 60 61 66 68 69 70 76 77 79 80 83 90 91 94 97 102 105 107 112 114 133 134 143 149 152 155 156 166 170 172 174 177 182 184 213 214 219 220 225 226 231 240 243
graph_250_250 9 11 22 23 24 25 26 28 31 32 33 35 36 38 40 41 44 45 46 49 50 53 54 56 61 66 67 68 69 71 72 78 81 83 86 88 89 90 93 96 98 103 104 105 108 109 115 116 117 118 119 123 125 128 129 130 134 137 138 140 141 145 148 149 151 153 155 157 159 160 162 164 165 167 169 170 171 172 174 175 177 179 180 185 186 187 188 193 196 198 203 204 210 213 215 217 218 219 221 222 223 225 226 227 230 234 236 238 239 243 247 248 249
graph_250_500 10 11 13 21 22 25 26 27 28 31 33 34 36 38 40 41 42 44 45 46 47 49 50 55 58 61 62 69 72 78 87 89 94 96 97 100 102 103 104 106 109 114 115 116 117 118 120 121 122 129 130 131 134 135 136 137 138 144 148 150 151 155 157 158 159 160 167 169 170 171 174 175 177 178 179 180 183 184 185 186 187 191 192 193 197 198 200 201 203 207 209 210 211 213 216 217 218 219 222 223 234 236 238 239 241 244 246 247 248
graph_500_1000 0 1 3 4 5 7 8 9 10 11 12 13 14 15 16 17 18 19 20 21 22 23 26 28 29 30 31 32 35 36 37 38 39 40 41 42 43 45 46 47 48 49 50 52 53 54 55 56 57 58 60 61 63 65 67 68 69 71 72 74 75 76 78 80 81 82 83 84 87 88 89 90 96 97 98 102 103 106 107 110 112 115 117 118 120 122 124 127 130 134 135 137 138 141 142 143 145 147 149 150 152 154 155 156 158 161 163 166 169 170 172 174 175 181 185 186 187 188 190 195 201 204 206 208 211 213 214 215 218 219 220 221 222 223 228 229 230 232 234 241 247 255 257 258 262 264 270 275 283 284 286 296 298 312 313 314 316 324 327 332 342 345 346 349 350 353 358 362 363 365 369 382 392 402 403 411 417 424 436 445 454 457 463 468 472 477 487 495 498
graph_500_500 1 6 7 9 10 12 14 17 22 23 25 26 28 31 35 36 37 38 39 40 44 46 47 49 50 51 53 55 58 59 60 61 63 64 66 69 75 77 78 80 86 89 91 94 96 100 105 106 108 109 115 117 118 119 120 121 124 125 126 129 131 132 134 135 136 137 138 141 146 147 148 149 150 151 153 157 159 160 162 163 164 169 170 172 174 175 178 180 181 182 184 185 186 187 189 190 192 193 194 195 198 201 203 206 210 213 217 219 224 226 228 230 232 233 234 237 238 239 241 243 249 251 253 254 255 256 257 258 259 261 262 265 267 268 269 271 272 273 275 277 279 280 282 283 290 291 292 296 297 300 302 307 310 311 314 315 316 321 324 326 328 329 330 332 334 335 336 337 340 346 347 352 355 357 360 362 363 371 372 377 379 381 382 383 384 387 390 391 398 399 401 402 403 406 407 408 409 411 412 413 414 416 417 419 420 423 424 426 431 432 435 436 437 442 447 451 457 460 461 463 464 468 469 470 471 472 476 477 479 480 481 483 484 485 487 488 489 491 492
graph_50_1000 22 36
graph_50_250 9 25 26 30 40 45 49
graph_50_50 3 9 16 21 22 24 25 26 28 31 33 36 37 39 40 41 44 46 48 49
graph_50_500 9 22 27
