graph_100_100 0 1 5 7 8 9 10 11 12 13 15 17 19 20 21 22 23 25 26 28 32 33 34 35 36 37 38 40 41 42 43 44 45 46 48 49 50 52 54 55 56 58 60 62 63 64 65 68 69 72 73 76 77 78 79 80 81 85 86 88 89 91 92 93 95 96 97
graph_100_1000 4 9 10 11 12 13 14 16 17 19 20 21 23 27 28 30 31 32 33 34 35 37 46 47 48 57 60 61 67 68 76 79 80 81 83 85 86 90 92 97 98 99
graph_100_250 0 1 2 3 4 6 7 8 9 10 11 12 14 15 16 17 18 19 20 21 22 23 24 26 27 28 29 30 31 32 34 35 36 37 38 39 40 41 43 46 47 48 49 50 51 53 54 55 56 57 58 61 62 63 64 65 68 69 73 75 76 77 78 79 80 81 82 86 87 89 90 91 92 93 95 99
graph_100_500 0 2 5 8 9 10 13 14 15 16 17 18 19 20 22 26 27 28 29 30 32 33 34 35 36 37 39 41 44 45 48 49 50 52 53 54 55 56 57 58 59 60 61 62 63 64 65 66 68 69 71 74 75 76 77 81 83 84 86 87 89 90 91 93 95 96 97 98 99
graph_250_1000 1 3 4 5 7 8 9 10 11 12 13 14 15 16 17 20 21 22 24 25 26 27 28 29 30 31 33 34 35 36 37 38 40 41 42 46 47 49 52 55 60 61 64 66 68 69 70 71 72 73 74 77 78 79 80 81 82 83 85 89 91 95 96 97 99 100 101 102 104 105 106 107 108 109 110 111 112 113 115 116 117 118 119 121 122 123 124 125 126 128 129 130 132 133 134 135 136 137 138 139 140 141 142 144 145 146 147 148 149 150 151 152 153 155 156 157 158 159 160 161 163 164 167 169 170 171 172 174 177 178 180 181 182 183 184 185 186 187 189 190 191 193 194 195 196 199 200 201 203 204 205 206 208 210 211 212 214 215 216 218 219 221 222 223 225 226 229 232 233 234 235 237 238 239 240 241 242 244 245 248
graph_250_250 0 1 3 4 5 7 9 10 16 18 19 21 22 23 24 25 26 28 29 30 31 36 37 38 39 41 42 43 44 45 46 47 49 50 51 55 56 57 58 59 61 63 64 65 66 69 74 75 76 77 78 82 83 85 86 87 90 91 92 93 94 96 97 98 100 101 103 104 105 106 107 109 110 111 112 113 114 115 116 117 119 123 125 128 131 133 134 135 136 137 139 141 143 145 146 147 149 150 151 152 153 154 155 157 158 159 160 163 164 165 166 167 168 169 170 171 172 175 176 178 179 180 181 182 183 184 185 186 188 192 194 198 199 201 202 204 205 206 208 210 212 214 216 217 219 221 222 223 228 230 231 232 234 236 240 241 242 243 245 246 247
graph_250_500 0 3 4 5 6 7 9 10 11 12 13 15 16 18 19 20 21 23 24 25 26 29 30 31 32 33 34 36 37 38 41 42 43 44 45 46 47 48 49 50 51 54 55 56 57 58 59 60 61 63 64 65 68 69 73 74 76 80 82 83 84 87 88 89 91 92 93 95 97 100 103 104 106 107 108 109 110 111 112 114 116 117 118 120 121 122 124 125 126 127 128 129 130 131 132 133 135 136 137 139 141 143 144 146 148 149 150 151 152 153 154 155 156 158 159 160 162 163 165 166 168 169 170 171 172 175 176 177 180 182 183 184 186 187 188 189 191 192 193 194 195 198 199 200 202 203 204 206 207 208 209 211 212 213 215 216 218 219 220 223 224 225 228 229 230 231 232 234 235 236 237 239 240 241 243 244 245 247 248
graph_500_1000 0 1 2 3 4 5 7 8 9 14 15 17 19 20 21 22 23 24 25 26 28 29 31 33 34 36 37 38 39 40 42 43 44 45 46 48 49 51 53 54 55 56 57 58 59 61 62 63 64 65 66 67 70 72 73 75 76 77 78 80 82 83 84 85 86 87 89 91 93 94 95 97 98 99 102 104 105 106 107 108 110 111 112 113 114 115 116 117 119 120 121 122 123 126 128 129 130 132 133 134 135 137 138 139 141 142 144 145 146 149 150 151 152 154 155 156 157 159 160 162 163 165 166 168 169 170 171 173 174 175 177 178 179 180 182 183 184 186 187 189 190 191 192 193 195 196 197 198 200 201 202 203 204 205 206 208 209 210 214 215 216 217 218 219 221 222 223 224 225 228 229 230 232 233 235 237 238 239 240 241 242 243 247 248 249 250 251 252 253 254 255 256 257 258 259 260 261 262 264 265 266 267 268 270 272 273 274 275 276 277 279 282 283 284 286 287 288 289 290 291 295 297 298 299 300 302 303 306 308 309 312 314 318 319 320 321 323 324 325 327 328 329 330 331 332 333 335 336 337 339 340 341 343 346 347 348 350 351 353 355 356 358 359 361 362 363 365 368 369 370 371 375 376 377 378 379 380 381 382 383 384 387 388 390 391 393 395 397 398 401 402 405 406 407 408 409 410 411 412 417 419 420 421 422 423 426 427 429 430 431 433 435 436 437 439 440 441 442 443 445 449 451 452 453 455 457 458 459 461 462 463 464 466 467 468 469 470 471 472 473 474 476 478 479 480 482 483 484 485 488 489 490 492 493 496 497 498 499
graph_500_500 1 2 5 6 9 11 13 14 16 20 22 23 24 25 27 28 29 31 33 34 35 36 37 38 39 40 44 45 46 48 49 50 55 56 60 61 64 65 66 67 69 70 75 76 78 80 81 85 89 90 92 93 94 95 96 104 105 108 109 110 112 113 115 116 117 119 121 124 125 126 129 130 131 132 133 134 135 136 137 138 139 140 141 142 145 146 147 148 149 152 153 155 158 160 163 164 166 167 168 169 171 173 174 175 176 177 178 180 181 182 184 185 187 188 190 192 193 195 198 199 201 202 203 208 210 211 212 213 215 216 217 218 220 222 225 226 228 229 230 231 233 234 235 236 237 239 241 243 245 247 248 250 254 255 258 259 260 261 263 264 265 266 267 268 270 271 273 277 278 280 282 284 285 287 288 289 290 291 292 293 294 296 297 299 301 302 305 309 311 312 315 317 319 322 324 325 326 327 329 330 332 333 334 335 336 337 339 340 341 342 343 344 345 347 351 353 354 355 356 360 363 364 366 367 368 369 370 371 372 374 375 376 378 380 381 382 383 384 388 389 390 392 395 396 397 398 399 400 402 403 404 408 409 411 412 413 414 415 416 420 423 424 425 427 431 432 435 436 437 438 439 440 441 443 445 446 447 449 450 451 453 454 456 457 458 459 460 461 462 463 466 467 468 469 470 471 472 473 476 478 479 481 483 484 485 486 487 489 490 492 496 497
graph_50_1000 4 6 18 22 24 25 39 47
graph_50_250 0 1 2 7 8 9 10 11 12 14 15 16 19 20 22 23 25 27 28 30 31 32 35 36 37 39 40 43 44 45 46 48 49
graph_50_50 0 1 2 3 4 9 10 11 12 13 15 16 17 21 22 24 25 27 28 31 32 33 34 36 37 39 40 41 42 43 44 47 48 49
graph_50_500 3 4 6 7 10 12 13 16 19 22 24 27 33 35 37 41 42 44 47 49
