graph_100_100 0 7 10 11 19 21 22 23 24 25 26 31 32 34 35 36 37 38 40 41 43 44 45 46 49 50 51 54 55 60 63 64 69 72 73 75 77 78 79 80 83 86 91 92 93 96 99
graph_100_1000 16 22 25 31 33 35 44 49 64 69 78 80 96
graph_100_250 7 10 14 16 18 21 23 31 35 36 38 41 49 50 53 57 58 59 60 62 64 65 69 73 75 76 77 78 79 80 81 86 90 91 93 95 99
graph_100_500 16 18 21 22 23 31 35 39 44 46 49 50 64 74 78 79 80 86 96
graph_250_1000 1 7 11 14 16 21 22 24 25 31 33 35 36 38 41 42 44 45 46 49 50 61 64 66 69 72 74 77 78 79 80 83 87 89 90 96 106 111 115 116 117 118 120 121 122 128 132 135 137 143 144 147 150 151 157 159 160 169 174 175 180 182 183 184 185 189 194 198 199 200 201 203 204 207 210 214 216 217 219 223 234 236 237 238 239 245 247
graph_250_250 10 11 22 23 24 25 26 28 30 31 32 33 35 36 38 40 45 46 49 50 55 58 61 62 66 67 69 71 72 74 75 77 78 80 83 86 87 89 93 96 104 106 107 108 109 115 117 118 119 121 125 128 129 131 133 135 137 138 151 153 157 159 160 162 164 165 167 170 171 172 175 177 178 179 180 184 185 190 192 193 197 198 200 201 203 204 207 211 213 216 217 218 219 221 222 223 224 226 230 233 234 238 243 245 247 248 249
graph_250_500 1 10 11 21 23 25 31 33 36 37 38 40 41 42 44 45 46 47 49 50 51 55 56 61 69 74 77 78 80 83 86 89 90 96 100 102 103 104 106 108 109 110 115 117 118 119 120 121 122 123 127 128 129 132 133 135 137 138 143 144 148 149 150 151 153 155 157 159 160 167 169 170 171 172 174 175 177 180 183 184 186 188 189 191 192 194 197 198 199 201 203 204 213 216 217 219 222 223 228 230 234 236 237 238 239 247
graph_500_1000 1 11 15 19 23 24 25 26 28 31 32 33 35 38 39 40 44 45 46 48 49 51 54 55 56 58 62 64 65 66 67 69 70 72 73 75 77 78 79 80 83 85 86 89 91 94 99 105 106 110 113 115 117 118 119 120 121 123 125 129 131 133 134 135 137 142 144 147 148 149 150 151 152 153 155 157 159 160 161 164 166 167 169 170 173 174 175 177 178 182 184 185 187 189 190 192 193 195 197 199 201 203 205 206 213 214 216 217 218 219 220 222 223 224 226 232 233 234 235 236 237 238 240 243 245 247 249 253 254 255 256 257 258 260 261 262 267 269 270 271 272 273 275 276 277 279 280 282 283 287 288 289 291 292 294 296 297 302 305 306 311 314 316 317 318 320 321 323 327 328 330 331 335 337 338 339 340 346 347 348 355 360 363 369 370 372 374 378 383 384 387 388 390 393 395 397 398 399 400 402 403 406 407 410 412 416 417 419 420 421 423 426 431 432 433 435 436 437 438 439 440 443 446 447 451 452 453 461 462 464 465 468 471 477 478 479 480 481 483 484 486 489 490 491 492
graph_500_500 6 10 11 12 14 22 23 24 25 26 31 33 35 36 37 38 39 40 44 45 46 47 49 50 51 55 57 58 61 62 64 67 69 70 72 75 79 80 83 86 91 94 105 106 108 109 110 113 115 117 118 119 121 124 125 126 127 129 130 131 135 137 141 149 150 151 153 157 159 160 163 164 167 169 170 172 174 175 177 180 182 184 185 187 189 190 192 193 196 197 200 201 203 204 206 210 213 215 216 217 218 219 220 224 226 230 231 234 237 238 239 243 245 247 251 253 254 256 258 261 262 263 267 269 271 272 273 275 276 277 279 280 281 282 287 288 290 291 292 297 302 304 308 309 310 311 314 316 321 326 327 329 330 334 335 337 339 340 346 347 348 362 363 369 371 374 376 377 381 382 383 384 387 388 389 390 391 398 399 402 403 406 407 410 412 415 416 419 420 423 424 426 429 431 432 434 435 436 437 438 440 441 446 451 457 460 461 464 468 469 471 476 477 479 480 481 483 485 486 487 489 491 492
graph_50_1000 36 49
graph_50_250 9 25 30 36 40 45 49
graph_50_50 3 9 11 14 16 19 21 24 25 26 30 31 33 35 36 40 45 46 48 49
graph_50_500 9 22 27
