graph_100_100 0 5 7 8 10 11 13 14 19 21 22 23 24 25 26 27 30 31 32 33 34 35 36 37 38 40 45 46 49 50 54 55 58 60 62 63 64 69 72 75 77 78 79 80 81 83 86 91 92 93 96
graph_100_1000 22 26 31 33 35 44 49 50 54 64 69 75 77 80 96
graph_100_250 6 7 10 16 18 21 22 23 31 32 35 36 38 42 44 46 49 50 51 53 57 58 60 64 69 73 75 76 77 78 79 80 86 87 90 91 93 95 99
graph_100_500 18 21 22 27 31 35 38 44 46 49 50 55 64 74 75 78 79 80 81 86 91
graph_250_1000 1 7 14 16 21 24 25 26 31 33 35 36 38 41 42 44 45 46 49 50 55 61 64 66 69 72 73 74 77 78 79 80 83 89 90 96 106 109 111 115 116 117 118 120 121 122 123 128 132 135 137 138 144 147 151 157 159 160 174 175 180 182 183 184 185 189 194 198 199 200 201 203 204 207 210 214 215 216 217 219 223 234 236 237 238 239 247
graph_250_250 10 11 22 23 24 25 26 27 28 30 31 32 33 35 36 38 40 45 46 49 50 54 58 61 62 64 66 67 69 71 72 74 75 77 78 79 80 81 83 86 87 89 91 93 96 104 105 106 108 109 113 115 116 117 118 119 120 121 123 128 129 131 132 133 134 137 138 148 150 151 153 155 157 159 160 162 166 167 169 170 171 172 173 174 175 177 178 179 180 181 184 185 187 190 193 194 197 198 200 201 203 204 206 207 209 213 214 216 217 218 219 221 222 223 226 227 228 230 233 234 238 243 247 249
graph_250_500 1 10 11 21 23 24 25 26 28 31 33 36 38 40 41 42 44 45 46 47 49 50 51 55 56 58 61 67 69 72 75 78 80 83 86 88 89 91 95 96 102 104 106 108 115 117 118 119 120 121 122 129 132 133 135 137 138 143 144 147 149 150 151 155 157 159 160 167 169 171 172 173 174 175 177 179 180 182 183 184 185 186 188 191 192 193 197 198 199 201 203 204 210 211 213 216 217 219 222 223 234 236 238 247
graph_500_1000 1 10 11 15 17 19 22 23 25 26 28 31 33 34 35 38 39 40 44 46 48 49 51 54 55 56 58 62 64 67 69 70 72 73 75 77 78 79 80 83 84 85 86 89 91 94 99 105 106 110 111 113 117 118 119 120 121 123 125 127 129 131 134 135 137 142 144 148 149 150 151 153 155 157 159 160 162 164 166 167 169 170 173 175 177 178 180 182 184 185 187 189 190 192 193 195 197 199 201 203 204 205 206 213 217 218 219 220 222 223 224 226 233 234 235 237 238 240 243 245 247 249 251 253 254 256 257 258 261 267 269 270 271 272 273 275 276 277 279 280 282 283 287 288 289 290 291 292 294 296 297 302 305 306 307 309 310 311 314 317 318 319 320 321 323 327 330 331 335 337 338 339 340 345 346 348 355 360 366 370 371 372 374 378 381 383 384 387 388 389 391 393 395 397 398 399 402 403 406 407 410 412 416 417 419 420 421 423 431 432 433 435 436 437 438 439 440 443 447 451 452 461 462 464 465 468 471 476 477 478 479 480 481 482 483 484 486 489 490 491 492
graph_500_500 6 10 11 12 14 17 22 23 25 26 28 31 33 35 36 38 40 44 45 46 49 50 51 55 57 58 60 64 66 67 69 70 75 79 80 83 86 94 96 105 106 108 109 113 115 117 118 119 121 124 125 126 130 131 135 137 141 147 149 150 151 153 155 157 158 159 160 163 164 167 169 170 172 175 177 180 182 184 185 187 190 192 193 197 200 201 203 204 206 210 213 215 216 217 218 219 220 226 230 232 237 238 239 240 243 245 247 249 251 254 256 258 261 263 267 269 270 271 272 273 275 276 277 279 280 281 283 287 288 290 291 292 297 298 302 308 310 311 312 314 315 316 317 321 326 327 329 330 334 335 337 339 340 343 345 346 347 348 355 362 369 371 372 376 377 381 383 384 387 389 390 391 396 398 399 402 403 406 407 416 419 420 423 424 426 429 431 432 434 435 436 437 438 443 450 451 457 459 460 461 462 468 469 470 471 476 477 479 480 481 483 485 486 487 489 491 492 499
graph_50_1000 22 36
graph_50_250 9 11 23 25 30 31 36 40 45 49
graph_50_50 3 9 11 14 19 21 24 25 26 31 33 35 36 38 40 41 44 45 46 48 49
graph_50_500 22 31 36 40 49
