graph_100_100 0 2 3 4 6 7 10 11 13 15 16 19 21 22 23 24 25 26 31 32 35 36 37 38 39 40 41 43 44 45 46 48 50 51 52 54 56 60 63 64 67 68 69 70 72 73 77 78 79 80 81 86 92 93 94 95 96 98 99
graph_100_1000 7 9 14 16 21 22 23 28 31 32 33 35 38 40 44 49 50 51 54 55 61 62 64 66 67 69 72 75 77 78 80 83 85 86 89 90 91 99
graph_100_250 4 5 6 7 9 10 11 14 16 18 20 21 22 23 24 26 27 28 30 31 32 33 35 36 37 38 46 50 53 55 56 57 58 60 62 63 65 69 71 75 76 77 78 79 80 81 83 86 87 90 91 92 93 95 96 97 98 99
graph_100_500 10 12 14 15 16 17 18 19 20 21 22 23 26 27 31 33 35 36 38 40 41 44 46 47 48 49 50 51 54 57 58 59 62 63 64 67 69 71 72 73 75 77 78 79 80 81 82 86 87 89 90 91 96 99
graph_250_1000 0 7 10 11 13 14 16 17 19 21 22 24 25 26 28 33 34 35 36 37 38 39 40 41 42 44 45 46 49 51 52 55 58 61 64 66 69 72 73 74 77 78 79 80 83 87 89 91 94 95 96 97 100 101 102 104 105 106 107 109 111 113 115 116 117 118 119 120 121 122 123 126 128 129 131 132 133 134 135 136 137 138 141 143 148 149 151 157 159 160 162 164 167 168 169 171 172 174 175 177 178 180 182 183 184 185 187 188 190 194 197 198 199 200 201 203 204 210 211 213 214 216 217 218 219 223 224 234 235 236 237 238 239 240 242 243 244 245 246 247 248
graph_250_250 6 7 9 11 12 13 16 18 20 21 22 24 26 27 28 29 30 31 32 33 34 35 36 37 38 40 45 46 47 49 50 51 54 55 56 58 60 64 65 66 69 71 72 73 74 75 76 77 78 79 80 85 87 88 89 90 91 92 100 104 105 106 108 109 110 111 112 114 115 117 118 119 120 121 122 123 129 131 132 133 134 137 141 146 148 149 150 151 153 155 156 157 158 159 160 164 165 166 167 169 170 171 172 174 175 177 179 180 181 182 184 185 186 187 188 189 190 192 193 194 196 198 200 201 202 203 204 205 206 207 208 213 214 215 216 217 218 219 222 226 227 228 230 233 234 236 237 238 240 241 243 247
graph_250_500 0 1 10 11 14 17 21 22 23 25 26 27 28 29 31 32 33 36 37 38 40 41 42 44 45 46 47 49 50 52 54 56 61 62 64 72 75 77 78 79 80 81 83 86 88 89 90 91 93 94 96 97 98 100 102 104 106 108 109 112 113 114 115 116 117 118 119 120 121 122 123 124 127 128 129 131 132 133 134 135 137 138 140 143 144 145 148 150 151 153 157 159 160 165 167 169 170 171 172 174 175 177 179 180 181 182 183 184 185 186 187 188 189 190 191 192 194 196 197 198 199 200 201 203 204 208 209 210 213 216 217 218 219 220 222 223 225 227 234 236 237 238 239 245 247 248
graph_500_1000 1 4 10 11 14 15 16 19 20 22 23 24 25 26 28 31 32 33 34 35 36 37 38 39 40 44 46 48 49 51 54 55 56 58 59 60 62 64 65 66 67 68 69 70 72 73 75 77 78 79 80 83 85 86 88 89 91 93 94 99 101 103 104 105 106 111 113 117 118 119 121 123 128 129 131 132 133 135 137 138 140 142 144 147 148 149 150 151 153 155 157 159 160 164 166 167 169 170 173 174 175 177 178 180 181 182 184 185 187 189 190 192 193 195 197 199 200 201 202 203 205 206 207 210 213 214 215 216 218 219 220 222 223 224 225 226 230 232 233 234 235 237 238 240 243 244 245 247 249 251 253 254 256 258 261 262 263 267 269 270 271 272 273 275 276 277 279 280 282 283 286 287 288 290 292 294 296 297 298 300 302 303 305 306 309 311 314 316 317 318 321 323 326 328 329 330 331 333 334 335 338 339 340 343 345 346 347 348 351 353 355 360 362 363 366 369 370 372 374 376 378 381 383 384 387 388 389 391 392 395 397 398 399 402 403 404 405 406 407 408 410 412 415 416 417 418 419 420 421 423 424 429 430 431 432 433 434 435 436 437 438 439 440 443 446 447 450 451 452 455 456 457 458 459 461 462 464 468 470 471 475 476 477 478 479 480 481 483 484 486 489 490 491 492 494
graph_500_500 0 2 4 6 7 11 12 13 14 17 21 22 23 25 26 28 29 31 32 33 34 35 36 37 38 40 41 44 45 46 47 49 50 51 54 55 56 58 59 60 61 62 64 69 72 73 75 78 79 80 82 83 86 89 91 92 94 96 100 101 105 106 107 108 109 111 114 115 117 118 120 121 123 124 125 127 129 130 131 133 135 137 141 142 148 149 151 153 155 157 158 159 160 161 163 164 169 170 172 174 175 177 178 179 180 184 185 186 190 192 193 195 197 198 199 200 201 203 204 206 207 210 211 213 214 215 217 218 219 220 222 223 225 226 227 228 230 233 237 238 239 240 243 247 249 251 253 254 256 257 258 260 263 267 269 270 271 272 273 275 276 277 279 280 281 283 288 290 291 292 293 294 296 297 298 300 302 303 304 306 307 308 309 310 311 313 314 315 316 317 320 321 322 324 326 329 330 333 335 336 337 339 340 341 345 346 347 348 352 353 354 355 356 358 360 363 367 369 371 372 373 374 376 379 381 382 383 384 386 387 389 390 391 393 394 395 396 398 399 402 403 406 408 409 410 411 412 414 416 417 419 420 422 423 424 426 427 429 432 434 435 436 437 438 440 441 443 448 450 451 455 457 461 462 464 466 467 468 470 471 475 477 479 480 481 483 484 486 487 489 490 491 492 497
graph_50_1000 8 22 28 31 40 49
graph_50_250 2 4 5 9 11 20 21 22 23 24 26 27 28 30 31 33 35 36 37 39 40 43 45 46 48 49
graph_50_50 1 3 6 7 8 9 11 12 14 15 16 18 19 20 21 23 24 25 26 28 30 31 32 33 35 38 44 45 46 49
graph_50_500 7 11 14 16 22 23 26 27 28 35 36 37 39 42 44 45 47 49
