graph_100_100 2 3 9 14 16 17 18 21 22 23 24 25 26 31 32 34 35 37 39 41 43 45 46 48 49 50 51 55 60 62 63 69 71 73 75 77 78 80 83 85 86 87 88 90 95 96 99
graph_100_1000 13 18 33 39 44 49 50 51 62 64 69 75
graph_100_250 0 1 7 9 12 14 16 21 23 26 31 33 35 36 38 39 41 42 45 46 49 50 53 54 57 58 59 60 61 62 65 77 78 80 83 86 91 93 98 99
graph_100_500 25 27 33 35 36 39 44 49 50 53 54 55 56 58 59 69 73 77 80 81 83 86 89 91 95
graph_250_1000 0 5 10 12 16 21 22 23 24 25 26 28 31 34 35 36 38 41 42 45 46 49 50 51 52 55 56 59 61 64 69 72 73 74 77 78 79 80 81 83 87 89 90 96 102 103 105 106 113 115 116 117 118 119 120 121 122 123 124 129 131 132 133 135 137 143 148 150 151 156 157 160 162 163 168 169 170 175 177 180 182 183 185 187 190 193 199 203 204 207 210 212 214 215 216 217 219 223 232 234 236 237 238 248
graph_250_250 0 1 9 10 15 16 17 21 22 23 25 26 27 28 31 33 35 36 37 39 41 44 45 46 47 49 50 58 61 62 63 64 65 69 72 74 77 78 80 81 83 84 86 87 90 92 93 96 98 100 101 106 107 108 113 115 116 117 118 123 124 125 126 127 128 131 132 133 134 135 136 137 145 146 148 149 151 153 157 159 160 163 165 167 169 170 171 173 174 175 178 179 180 181 184 185 186 188 189 193 196 197 198 203 204 207 213 216 217 218 219 221 224 225 226 227 230 233 234 238 239 240 243 244 245 247 248 249
graph_250_500 0 1 5 10 11 12 13 16 21 22 24 25 26 27 28 31 33 36 37 38 40 41 42 44 45 46 49 50 54 56 61 64 65 66 73 78 81 83 86 89 90 93 96 97 100 102 103 104 105 106 108 109 110 111 112 114 116 117 119 120 121 122 124 129 133 134 135 137 138 139 140 143 144 150 151 152 155 157 159 160 161 163 164 165 167 169 170 171 172 174 175 177 179 183 184 186 187 189 190 191 194 197 199 200 201 203 204 210 211 213 215 216 217 218 219 220 222 223 225 228 234 237 238 239 243 246 247 248
graph_500_1000 1 3 4 6 7 8 11 14 15 21 22 23 25 26 28 29 31 32 33 34 35 36 37 38 39 40 41 44 45 46 47 48 49 51 52 54 56 61 62 64 65 66 67 69 70 73 74 75 77 78 79 80 83 86 87 89 94 95 96 98 99 104 105 106 107 108 111 116 117 118 119 121 122 123 125 127 128 130 132 133 134 135 137 140 144 148 149 150 151 155 157 159 161 163 164 166 167 169 170 172 173 175 176 177 178 180 181 182 184 185 187 190 192 193 194 195 197 201 202 203 204 205 206 208 211 213 214 216 218 220 221 222 226 227 230 231 232 233 234 235 236 237 238 240 241 242 243 244 245 247 252 253 254 255 256 257 258 259 260 261 264 265 267 269 270 271 272 273 274 275 276 277 279 282 283 285 286 287 289 290 292 294 296 297 299 300 301 302 304 306 307 309 311 312 314 317 320 321 322 323 324 326 330 334 337 338 339 340 343 345 346 347 348 351 353 354 355 358 360 361 363 367 372 373 374 375 378 383 384 387 388 391 393 395 398 400 402 403 404 406 408 411 412 415 416 417 418 419 420 421 423 424 428 429 431 433 435 436 437 438 439 442 443 444 446 448 454 456 457 461 467 468 469 470 471 472 473 475 478 479 482 483 484 486 487 489 490 491 492 493 494
graph_500_500 1 5 6 9 10 11 13 14 16 17 21 22 23 25 26 28 29 31 35 36 38 40 44 45 48 49 50 51 54 55 58 60 61 63 64 66 67 69 71 75 78 80 81 82 83 85 86 90 91 93 96 97 103 104 105 107 108 109 110 112 113 115 117 118 119 120 121 122 123 127 129 130 131 133 134 135 137 138 141 143 148 149 151 155 157 160 163 164 166 167 170 171 172 174 175 176 179 180 181 185 186 189 190 193 194 195 198 199 201 202 204 207 208 210 213 216 217 218 219 220 225 226 227 228 229 230 231 233 234 236 239 240 243 248 250 254 255 258 260 261 262 265 267 271 272 273 275 276 277 278 280 281 282 283 284 286 287 288 289 290 291 292 293 296 297 300 302 303 306 309 311 314 317 319 321 322 324 326 328 329 330 332 335 336 339 343 345 346 347 349 350 352 355 356 357 358 359 360 363 366 367 369 371 373 376 377 378 379 380 381 383 387 388 391 392 394 397 399 402 403 406 407 408 411 413 415 416 417 419 420 421 422 423 427 428 431 432 434 435 436 437 438 440 441 444 450 451 453 454 455 456 457 459 460 462 463 464 468 470 471 472 473 474 475 476 477 478 479 480 481 484 485 486 487 489 490 491 492 494 498 499
graph_50_1000 36 49
graph_50_250 9 10 21 24 35 36 38 40
graph_50_50 0 3 6 11 13 14 20 21 24 26 27 31 32 35 36 37 38 41 44 46 49
graph_50_500 35 37 38 44
