graph_100_100 3 8 10 11 12 13 14 16 17 19 21 22 23 24 25 26 31 33 34 35 36 37 40 41 45 46 48 50 51 54 55 56 58 63 69 71 75 77 78 79 80 82 83 86 91 92 93 94
graph_100_1000 14 18 23 33 35 44 47 49 50 74 77 79 80 96
graph_100_250 1 7 10 14 16 17 18 19 21 22 23 28 31 32 33 35 36 42 44 50 58 61 63 64 65 66 67 69 74 77 78 79 80 86 91 97 99
graph_100_500 7 21 22 23 24 28 33 35 44 48 49 50 51 55 61 64 80 86 87 88 91 95
graph_250_1000 1 13 14 16 21 24 25 27 31 33 35 36 38 39 41 42 44 46 49 52 61 64 67 74 75 77 79 80 81 82 83 87 88 89 90 96 103 104 106 110 113 115 116 117 118 120 121 122 131 132 135 137 141 143 144 149 150 151 153 157 159 160 161 167 172 173 174 175 180 183 184 186 189 191 193 194 195 198 199 200 201 203 207 209 210 211 213 214 217 219 223 224 234 236 237 238 239 242 245 247
graph_250_250 0 5 6 7 10 11 15 21 22 23 24 25 26 28 31 33 35 36 38 40 41 44 45 46 49 50 52 53 55 60 61 62 64 66 67 68 69 72 73 78 80 81 82 83 85 86 89 90 91 96 98 104 105 108 114 115 117 118 119 122 123 124 125 129 130 131 133 137 138 140 141 145 149 150 153 157 159 160 164 165 166 167 169 170 171 172 173 175 179 180 181 184 187 189 193 194 197 198 200 201 203 204 206 213 214 216 217 218 219 220 222 225 226 227 230 233 234 236 237 238 239 243 244 245 247 249
graph_250_500 0 1 7 11 15 23 25 26 28 31 33 35 36 38 40 41 42 44 45 47 49 50 52 58 61 62 63 64 66 67 69 72 74 75 78 79 80 81 83 86 88 89 90 93 96 103 106 108 109 115 116 117 118 119 120 121 122 125 128 129 130 132 133 135 137 138 141 144 145 149 150 157 159 160 169 171 172 174 175 179 180 181 182 184 185 186 187 188 191 192 193 195 198 199 201 203 204 207 210 211 213 216 217 219 223 224 229 234 236 238 240 241 244 245 247 248 249
graph_500_1000 1 10 11 14 20 21 22 23 24 25 26 27 28 31 32 33 34 35 38 39 40 44 46 47 48 49 51 54 56 58 59 60 62 63 65 67 68 69 70 71 73 75 77 78 79 80 82 83 84 85 91 94 99 101 105 106 107 108 109 111 113 116 117 119 120 121 122 123 127 128 129 131 132 133 134 135 137 138 139 140 141 142 144 149 151 157 159 160 162 164 166 167 169 170 174 175 178 180 181 182 184 185 186 187 189 190 192 193 195 197 198 201 203 204 205 206 207 213 217 219 220 223 224 226 227 232 233 234 235 237 238 239 240 242 243 247 249 251 253 254 256 257 258 261 262 267 269 270 271 272 273 276 277 279 280 282 286 287 288 290 291 292 293 294 295 296 297 300 301 302 304 305 306 307 308 309 311 314 317 319 320 321 322 323 325 329 330 331 334 335 336 337 339 340 346 347 348 349 353 355 360 361 363 367 371 372 374 376 377 378 379 381 387 389 390 391 394 395 397 398 399 400 402 403 406 407 408 409 412 414 416 419 420 421 422 423 426 429 431 432 433 435 436 438 439 440 442 443 446 447 452 455 457 463 464 465 468 469 470 471 472 476 477 478 479 480 481 482 483 484 485 486 487 488 489 490 491 492 493 499
graph_500_500 1 4 6 8 9 11 14 18 21 22 23 24 26 28 29 31 33 35 36 37 38 39 40 41 44 47 49 50 51 55 60 61 62 64 68 69 72 73 75 80 82 83 85 86 89 90 91 92 93 94 96 99 100 104 105 106 108 109 113 114 115 117 118 119 121 124 125 126 127 128 130 132 133 134 135 140 141 144 147 148 149 151 155 157 159 160 163 164 167 170 174 175 177 178 180 181 182 184 185 190 191 192 193 194 198 200 203 206 207 210 211 213 215 216 217 218 219 220 222 224 225 226 227 230 232 233 237 238 239 240 243 244 245 247 249 251 254 256 257 260 261 262 263 264 267 269 271 272 273 274 275 277 278 279 280 281 282 283 287 288 291 292 293 294 297 299 301 302 303 304 305 306 308 310 311 312 314 316 317 321 326 327 329 330 332 334 336 339 340 341 343 344 345 346 347 348 351 354 355 360 363 367 368 369 370 371 372 374 376 380 381 382 383 384 387 389 391 392 394 395 398 402 403 406 414 415 416 418 419 420 421 423 426 428 432 433 434 435 436 437 438 443 445 450 451 457 460 461 467 468 469 470 471 476 479 480 482 483 486 489 491 492
graph_50_1000 22 36
graph_50_250 17 21 26 31 35 39 40 49
graph_50_50 1 4 9 21 22 23 24 25 31 33 35 36 37 38 39 40 41 44 46 48 49
graph_50_500 9 22 27
