graph_100_100 5 6 7 8 10 11 14 21 22 23 24 25 26 30 31 33 34 35 36 37 38 40 45 46 49 50 51 54 58 60 63 64 66 69 71 72 75 77 78 79 80 82 83 86 90 91 92 93 96 97
graph_100_1000 9 16 22 31 33 35 44 49 50 69 72 80 86 89
graph_100_250 0 7 9 11 16 21 22 23 26 31 33 35 36 38 41 42 49 50 53 57 58 60 62 63 64 65 69 75 76 77 78 79 80 86 90 91 93 97 99
graph_100_500 18 21 22 31 35 36 44 49 50 54 55 57 63 64 75 78 79 80 86 95
graph_250_1000 1 7 14 16 21 24 25 31 33 35 36 37 38 41 42 44 46 49 50 55 61 64 69 72 74 77 78 79 80 81 83 89 90 96 104 106 109 111 115 116 117 118 121 122 123 128 132 134 135 137 143 144 147 149 151 157 159 160 169 171 174 175 180 182 183 184 189 194 197 198 199 200 201 203 204 207 210 213 215 216 217 219 223 234 236 237 238 239 247
graph_250_250 6 10 11 16 22 23 24 25 26 28 31 32 33 35 36 38 40 41 44 45 46 49 50 54 55 62 64 66 69 71 72 74 75 77 78 79 80 83 86 87 89 90 91 93 96 100 104 105 106 107 108 109 113 115 117 118 119 120 121 123 125 128 129 130 131 132 134 137 138 140 141 143 148 150 151 153 157 159 160 162 164 167 169 170 171 172 174 175 178 179 180 181 184 185 188 189 192 193 194 197 198 200 201 203 204 205 213 216 217 218 219 221 222 226 230 233 234 238 239 243 245 247 248 249
graph_250_500 11 13 14 21 23 24 25 28 31 33 36 37 38 41 42 44 45 46 47 49 50 58 61 64 69 74 76 77 78 81 83 88 89 90 93 96 97 102 103 104 105 106 109 110 114 115 116 118 119 120 121 122 127 129 132 133 135 137 138 143 144 146 149 150 151 155 157 159 160 161 167 169 170 171 174 175 176 177 180 182 183 184 185 186 187 188 189 191 194 197 198 199 201 203 204 213 216 217 218 219 223 230 234 236 237 238 239 244 247 248
graph_500_1000 0 1 3 9 11 12 14 15 23 25 26 28 31 32 33 34 35 36 38 40 44 46 48 49 51 54 55 56 58 61 62 64 65 67 68 69 70 72 73 75 76 77 78 80 83 86 89 91 94 99 101 105 106 107 108 110 111 113 117 118 119 120 121 123 126 127 129 131 133 135 137 142 143 148 149 150 151 152 153 155 157 159 161 162 163 164 166 167 169 170 173 175 178 182 184 185 189 190 192 193 195 199 200 201 203 204 205 206 210 213 214 215 216 218 219 220 223 224 226 230 232 233 234 235 237 238 240 243 245 247 249 251 253 254 256 257 258 260 261 264 267 269 270 271 272 273 275 276 277 279 280 282 283 286 287 288 289 290 291 292 294 295 296 297 301 302 305 306 309 314 317 319 320 321 323 327 330 331 337 338 339 340 343 346 347 348 351 355 360 363 367 370 372 374 376 378 383 384 387 389 390 391 393 394 395 397 398 399 402 403 406 407 408 410 412 416 417 418 419 420 421 423 426 431 433 435 436 437 438 440 443 446 447 450 451 455 457 462 464 468 471 472 478 479 480 481 482 483 484 485 486 489 490 491 492 493
graph_500_500 6 11 14 22 23 24 25 26 28 31 35 36 40 44 45 46 49 50 51 58 60 61 64 67 69 70 72 75 80 83 85 86 91 93 94 98 101 105 106 107 108 109 113 115 117 118 119 120 124 125 127 130 131 132 135 137 141 143 148 149 150 151 153 155 157 159 160 163 164 167 169 170 172 174 175 177 180 182 184 185 190 192 193 197 200 201 203 206 210 213 215 216 217 218 219 220 226 227 228 230 231 232 237 238 239 240 243 244 249 251 254 256 258 260 261 262 267 271 272 273 275 276 277 279 280 281 282 287 288 291 292 297 302 308 310 311 314 316 317 321 326 327 329 330 334 335 339 340 345 346 347 348 353 363 367 369 371 374 376 377 379 381 382 383 384 387 388 389 391 394 396 398 399 402 403 406 407 409 413 416 419 420 423 424 426 429 431 432 435 436 437 438 450 451 455 457 459 462 463 464 468 469 471 473 475 476 477 479 480 481 483 485 486 487 489 491 492 497 499
graph_50_1000 22 36
graph_50_250 9 11 25 30 31 36 40 45 49
graph_50_50 1 3 9 21 22 24 25 31 33 35 36 37 38 39 40 41 44 46 48 49
graph_50_500 9 22 27
