graph_100_100 2 4 6 8 11 13 16 17 19 21 23 25 26 31 32 33 34 35 36 40 41 42 43 44 45 48 49 50 51 54 55 61 63 65 67 71 72 77 79 80 83 86 88 91 93 94 97
graph_100_1000 21 23 54 57 64 69 73 75 77 80 87 96
graph_100_250 7 10 14 18 19 21 25 26 27 29 31 35 38 39 41 42 46 51 54 57 58 59 60 63 64 74 77 78 79 80 82 84 86 92 93 99
graph_100_500 0 2 18 21 22 30 31 33 34 39 42 49 61 64 69 74 75 77 80 86 89 91 96 99
graph_250_1000 1 10 13 14 16 19 21 23 25 26 31 32 33 35 36 38 39 41 44 46 49 59 61 64 66 69 72 74 77 78 79 80 81 83 85 90 94 96 104 105 106 109 110 111 115 116 118 120 121 122 125 127 128 131 132 133 137 138 141 143 144 147 148 150 151 159 160 161 167 169 175 177 178 180 181 184 185 186 187 189 191 193 198 201 203 204 207 209 213 214 216 217 218 219 222 223 226 236 237 238 239 247
graph_250_250 0 2 4 6 7 10 11 13 16 22 24 25 26 27 31 33 35 36 37 38 39 40 41 42 43 44 46 48 49 50 51 55 60 61 62 63 64 72 73 75 76 78 79 80 83 86 89 93 94 95 96 98 100 103 104 105 106 108 109 112 114 115 117 118 120 122 123 124 127 130 131 132 134 135 136 137 138 140 145 148 151 155 156 157 160 162 164 165 166 169 170 172 173 174 175 177 178 179 180 183 184 185 186 187 188 189 192 193 194 197 198 201 203 204 206 213 216 217 218 219 220 222 224 225 229 230 233 234 236 238 239 240 241 243 244 247 249
graph_250_500 2 6 10 11 12 16 18 19 23 24 25 26 28 31 32 33 34 35 37 38 41 44 46 47 49 50 53 55 56 58 60 61 62 64 67 71 72 75 76 77 78 81 82 83 86 87 88 89 90 91 96 98 99 102 105 106 107 109 114 115 117 118 119 120 127 128 129 132 133 135 137 138 143 144 146 147 148 149 150 151 153 155 157 159 160 162 163 164 166 167 169 170 171 172 174 175 177 179 180 181 182 183 184 185 186 188 191 193 197 198 199 200 201 204 205 207 210 212 213 216 218 219 222 233 234 236 238 245 247
graph_500_1000 0 1 2 6 10 11 12 13 14 17 19 20 21 23 25 26 27 28 31 32 33 34 36 38 40 44 45 46 48 49 51 53 54 56 58 60 61 62 63 64 66 69 70 72 73 75 77 78 79 80 81 83 84 85 87 89 91 94 95 96 98 99 100 101 104 105 106 107 108 109 110 112 113 115 116 117 118 119 120 126 127 129 131 135 136 137 141 142 143 144 146 148 149 150 151 152 153 155 156 157 158 159 160 161 162 163 164 167 169 170 172 174 175 177 178 181 182 183 184 185 187 190 192 193 195 197 199 201 203 206 210 212 213 216 217 218 219 220 221 223 224 226 227 231 232 233 235 236 237 238 240 242 243 244 245 247 250 252 253 254 255 256 257 258 261 262 263 264 267 269 270 271 272 273 275 276 277 278 279 283 285 287 288 291 292 294 296 297 301 302 303 305 306 307 308 309 310 311 312 317 319 321 322 323 325 326 328 330 333 337 338 339 340 342 344 345 346 347 349 352 355 360 362 363 368 372 373 374 375 381 387 388 391 393 395 397 398 399 400 402 403 404 405 406 407 408 412 414 415 416 417 418 419 421 423 426 430 431 432 434 435 436 438 440 443 445 447 449 450 451 453 455 457 458 459 460 463 464 466 468 470 471 477 478 479 480 482 483 484 485 486 487 491 492 496 498
graph_500_500 0 1 4 6 8 11 13 14 17 18 22 23 24 25 26 27 28 31 32 35 36 37 38 39 44 45 47 49 51 54 57 60 61 64 66 67 69 70 73 78 82 83 85 86 90 91 92 93 94 99 100 102 103 104 105 106 108 109 113 115 116 118 121 124 125 126 127 130 134 140 141 142 146 149 150 151 152 154 155 156 157 158 159 161 164 165 166 167 170 172 174 176 177 178 180 181 182 184 185 186 187 190 191 192 193 194 195 197 198 203 204 205 206 207 209 210 213 217 218 219 222 224 226 227 230 231 232 233 238 239 240 243 245 246 249 251 253 254 258 259 260 262 264 265 267 268 269 271 272 273 275 276 277 280 281 282 284 286 287 288 290 291 292 295 296 299 301 302 303 304 305 306 309 310 311 314 315 317 318 319 321 324 326 327 328 329 330 333 336 338 340 345 346 347 349 350 351 352 355 356 357 358 359 361 366 369 371 372 376 377 382 383 385 386 387 390 391 395 397 400 401 402 403 406 407 409 412 417 418 419 420 421 423 424 426 427 431 432 435 436 437 438 439 440 445 447 448 449 450 456 457 459 460 461 463 464 466 467 468 470 471 474 477 478 479 480 482 484 486 488 489 490 491 492 493 499
graph_50_1000 36 49
graph_50_250 9 11 16 25 28 31 40 45
graph_50_50 1 3 5 9 17 18 20 21 22 28 31 32 33 35 36 37 41 42 44 49
graph_50_500 9 22 27
