graph_100_100 0 1 3 4 5 6 7 8 9 10 11 12 13 14 15 17 19 20 21 22 23 29 30 31 32 33 34 35 36 37 40 45 46 49 51 52 58 61 63 77 78 80 87 91
graph_100_1000 22 24 26 28 31 33 35 44 49 50 54 64 77 80 86 96
graph_100_250 0 1 3 4 6 7 9 11 12 13 14 15 16 19 21 22 24 25 27 29 30 31 32 33 34 35 36 37 45 46 49 51 54 61 70 77 78
graph_100_500 18 21 22 31 35 38 44 46 49 50 54 55 64 74 75 78 79 80 81 86
graph_250_1000 0 2 4 5 6 7 8 9 10 11 14 15 16 18 19 20 22 24 26 28 29 30 33 35 36 37 43 48 49 51 55 60 61 66 68 69 70 76 77 80 83 90 91 94 97 102 105 107 112 114 118 133 134 143 152 155 156 166 170 172 174 182 184 213 214 219 220 225 226 231 240 243
graph_250_250 1 7 9 10 11 12 22 23 24 26 27 28 30 31 33 35 36 38 39 40 43 45 46 49 50 53 60 61 62 64 67 69 71 72 74 75 77 78 81 83 86 87 89 91 104 105 106 108 109 111 115 116 117 118 119 120 121 125 128 131 132 133 137 138 140 141 148 151 153 157 158 159 160 162 163 167 170 171 172 174 175 177 179 180 181 184 185 186 187 190 193 194 195 198 200 201 202 203 204 206 207 209 211 213 214 217 218 219 221 222 223 226 227 230 233 234 237 238 239 240 243 245 247 249
graph_250_500 11 16 23 24 25 28 31 33 35 36 37 38 40 41 42 44 45 46 47 49 50 55 58 61 72 74 78 80 81 83 86 87 88 89 90 96 102 103 104 105 106 108 109 114 115 116 117 118 119 120 121 122 123 124 127 128 129 130 132 133 135 137 138 143 147 148 149 150 151 155 157 159 160 167 169 171 174 175 177 179 180 183 184 186 188 191 194 197 198 199 201 203 204 213 216 217 218 219 223 230 234 236 237 238 239 244 247 248
graph_500_1000 0 1 3 4 5 7 8 9 10 11 12 13 14 15 16 17 18 19 20 21 22 23 26 28 29 30 31 32 35 36 37 38 39 40 41 42 43 45 47 48 49 50 52 53 54 55 56 57 58 60 61 63 65 67 68 71 72 74 75 76 78 80 81 82 83 84 87 88 89 90 96 97 98 102 103 106 110 112 115 118 120 122 124 127 130 134 135 137 138 141 142 143 145 147 149 150 152 154 155 156 158 161 163 166 169 170 172 174 175 181 185 186 187 188 193 195 201 204 206 208 211 213 214 218 219 220 221 222 223 226 228 229 230 232 234 241 247 255 257 258 262 264 270 275 277 283 284 286 296 298 312 313 316 324 327 332 342 345 346 349 350 353 357 358 362 363 365 369 382 392 403 411 417 424 431 445 454 457 463 468 472 477 487 495 496 498
graph_500_500 6 10 11 12 14 17 22 23 25 26 28 31 36 38 40 41 44 45 46 49 50 51 55 57 58 60 64 69 70 75 78 79 80 83 86 89 94 96 100 104 105 106 108 109 113 115 117 118 119 120 121 124 125 130 131 135 137 141 149 150 151 153 155 157 159 160 164 167 169 172 173 174 175 177 178 180 181 183 184 185 186 187 190 192 193 195 197 200 201 203 204 206 210 213 217 218 219 224 226 228 230 237 238 239 240 243 251 253 254 258 259 261 262 265 267 268 269 271 272 273 275 276 277 279 280 282 283 288 290 291 292 294 296 297 300 302 309 310 311 312 314 316 317 318 321 326 329 330 332 333 334 335 337 340 345 346 347 348 352 355 357 362 369 371 373 374 376 379 381 383 384 387 388 389 390 391 398 399 402 403 406 407 409 412 413 416 419 420 423 424 426 429 431 432 435 436 437 438 439 441 450 451 455 457 459 460 461 462 463 468 469 470 471 475 476 477 479 480 481 483 485 486 487 489 490 491 492 499
graph_50_1000 36 49
graph_50_250 11 19 25 26 31 35 40 45 49
graph_50_50 1 3 9 11 14 19 21 24 25 30 31 33 35 36 38 40 45 46 48 49
graph_50_500 21 22 36 40
