graph_100_100 1 6 10 12 14 18 19 23 24 25 26 28 33 34 35 36 37 38 41 43 44 45 46 47 49 50 51 52 54 59 60 63 64 66 69 71 75 76 77 78 79 80 82 83 86 89 91 92 95
graph_100_1000 21 22 33 36 41 44 47 72 77 79 80 81 89 94
graph_100_250 5 8 10 18 21 27 31 33 36 38 41 42 44 46 47 49 50 53 56 57 62 64 66 68 69 74 75 76 77 78 79 86 87 91 93 97 99
graph_100_500 15 18 23 27 30 38 41 44 46 49 51 58 64 69 72 74 78 80 81 86 91 97
graph_250_1000 0 1 5 7 8 10 11 12 14 16 22 24 25 26 29 31 32 35 36 38 39 41 44 45 46 49 58 61 72 74 77 78 80 81 86 89 90 96 99 102 104 106 108 109 111 116 117 118 122 124 128 132 133 134 135 136 137 138 141 144 146 147 150 151 157 159 160 162 166 167 169 171 172 174 178 182 183 184 185 187 189 190 194 198 199 200 201 203 204 207 210 211 212 216 217 219 222 223 226 234 239 247
graph_250_250 0 9 13 20 21 22 24 26 27 28 30 31 33 34 35 36 38 39 40 42 43 45 46 49 50 51 53 55 56 58 59 60 61 64 66 67 69 72 73 74 75 77 78 80 88 90 91 93 96 103 104 105 106 107 108 109 111 113 115 116 117 118 119 120 121 125 131 132 133 134 136 137 138 140 141 143 149 151 153 156 157 158 159 160 166 167 168 170 172 174 175 176 177 179 180 182 183 185 187 189 190 191 192 193 194 195 198 200 201 202 203 204 206 207 209 211 212 213 215 217 221 222 223 224 229 230 233 234 238 240 241 243 245 247 249
graph_250_500 0 1 3 5 7 11 14 19 21 22 24 25 26 30 31 32 35 36 37 38 40 44 45 46 47 49 50 52 55 61 64 67 72 73 75 76 77 78 79 80 81 82 86 87 88 90 95 96 97 102 103 104 106 107 109 113 115 116 118 119 120 121 122 127 129 130 134 137 138 140 143 144 147 148 149 151 155 157 158 159 160 161 168 169 171 173 174 175 177 180 182 183 184 185 186 188 189 192 194 196 197 198 201 203 204 205 207 209 210 213 216 217 218 219 222 223 226 229 233 234 237 238 239 246 247 248
graph_500_1000 0 1 9 11 14 15 16 17 21 23 24 25 26 32 33 36 37 38 39 40 41 44 46 48 49 50 51 53 54 55 56 61 62 65 66 67 69 70 71 72 73 74 75 76 77 78 80 81 82 85 86 91 92 93 98 99 101 103 105 106 107 108 110 113 114 115 116 117 118 122 123 126 128 131 132 133 134 135 137 139 142 143 144 147 148 149 150 151 153 155 157 159 161 162 164 166 167 169 170 173 174 175 177 178 180 182 184 185 186 189 190 192 193 195 197 199 201 202 203 205 209 210 213 215 217 218 219 220 222 223 224 226 228 231 232 233 234 237 238 240 243 247 249 251 253 254 256 257 258 260 261 262 263 267 269 270 272 273 274 275 276 277 280 282 283 287 288 290 291 292 294 295 302 306 308 309 313 314 317 318 320 321 322 323 325 331 332 337 338 339 340 345 346 347 348 349 350 351 352 355 359 360 363 366 370 372 373 374 376 377 378 379 380 386 387 388 389 390 391 393 394 395 396 398 399 400 402 403 405 406 407 408 410 412 414 415 417 419 420 421 422 423 428 429 431 432 433 434 435 436 437 438 439 440 442 443 447 449 451 452 455 459 462 464 466 468 470 471 473 477 478 480 483 484 486 488 489 491 492 493 497
graph_500_500 1 4 6 8 10 11 19 22 24 26 27 30 31 32 33 34 35 37 38 40 41 44 45 47 49 50 51 53 56 57 58 60 61 62 64 66 69 70 73 75 79 80 82 83 85 86 89 90 91 92 93 94 100 103 104 105 106 107 109 110 113 115 116 117 118 119 121 124 128 129 130 131 133 135 137 141 143 144 146 148 151 154 157 158 159 160 161 162 164 165 166 167 168 170 172 174 175 176 177 179 182 184 185 186 189 190 192 193 195 197 200 201 202 203 204 207 208 210 212 213 214 215 216 218 219 220 222 224 226 228 229 230 232 233 234 237 238 239 242 243 246 247 251 252 253 254 255 256 257 258 263 264 266 267 269 270 272 275 276 277 279 280 281 283 285 286 287 288 289 290 291 292 293 296 297 298 300 301 303 304 305 307 309 310 311 316 318 319 321 326 327 328 329 330 334 339 346 347 348 349 351 355 357 361 367 370 377 379 382 383 388 390 391 393 394 395 396 398 402 403 404 406 407 408 409 412 414 418 420 422 423 424 426 427 429 431 432 434 435 437 438 439 440 444 445 446 447 450 451 455 456 457 460 463 465 466 468 469 470 471 472 475 476 479 480 481 483 486 487 491 495 496 498
graph_50_1000 22 36
graph_50_250 1 21 24 28 31 39 40 49
graph_50_50 3 8 9 11 19 21 22 24 25 26 27 31 35 36 38 40 41 44 45 46 48 49
graph_50_500 9 28 40 49
