graph_100_100 3 12 14 22 26 27 31 36 38 39 40 41 45 46 47 48 49 50 51 55 58 66 67 68 70 71 77 78 79 83 86 87 90 99
graph_100_1000 22 23 26 35 49 50 62 64 69
graph_100_250 10 16 31 35 41 49 57 58 59 60 62 63 64 76 77 79 85 87 99
graph_100_500 21 22 23 26 35 36 41 46 54 64 79 80 86 99
graph_250_1000 7 11 21 22 23 24 25 31 36 41 49 55 64 67 74 77 78 79 80 86 105 106 107 116 117 118 131 135 141 157 169 173 175 193 198 210 216 219 223 237
graph_250_250 0 10 12 22 23 24 25 26 28 31 33 35 36 40 42 44 45 46 47 49 54 55 59 61 62 67 69 70 76 82 83 86 89 92 95 101 102 105 108 109 110 115 118 120 121 125 129 130 131 135 137 151 160 163 164 166 167 168 169 172 175 180 184 185 187 190 192 193 195 197 200 204 210 214 216 217 219 222 223 225 228 233 234 238 239 243 247
graph_250_500 11 16 23 26 31 38 40 43 44 46 47 49 54 55 58 67 69 76 77 80 86 96 102 106 108 111 118 121 127 137 138 143 144 151 157 160 166 167 171 172 173 174 175 180 181 183 184 189 192 197 204 213 216 219 222 229 236 239 240 243 247
graph_500_1000 11 14 20 26 28 34 35 44 48 49 50 58 62 65 75 78 83 85 90 91 105 106 109 110 113 121 125 127 128 134 135 137 143 148 149 150 154 161 164 169 170 172 184 187 190 192 193 195 197 201 203 213 219 220 222 223 226 231 237 238 239 243 246 256 258 260 261 263 267 269 274 275 277 282 291 292 294 297 302 306 311 317 323 340 352 360 372 376 378 387 389 391 397 398 399 403 412 414 420 421 431 437 440 447 448 455 462 465 468 470 472 477 478 479 484 486 487 488 490 491 493 496
graph_500_500 4 10 11 12 16 22 24 25 26 35 36 37 38 39 41 44 46 49 50 55 58 61 63 67 73 74 75 83 86 96 105 106 108 109 115 117 118 121 125 130 131 137 141 146 149 150 151 155 156 157 161 164 167 169 170 172 174 175 180 184 185 187 190 192 193 197 198 201 203 204 208 211 213 215 217 218 219 223 229 230 231 232 233 237 239 240 243 244 245 253 254 256 257 258 259 261 262 263 264 266 267 269 272 273 280 281 282 288 289 292 294 304 307 308 309 310 311 316 318 321 322 324 326 327 330 334 337 339 341 345 346 347 350 355 367 372 374 378 383 386 387 389 391 396 398 403 411 420 421 423 426 431 433 435 437 447 448 451 457 460 462 468 469 470 471 475 476 477 479 480 483 486 490 491 493 496 498
graph_50_1000 22 36
graph_50_250 9 23 25 30 36 40
graph_50_50 3 5 9 13 14 17 26 28 31 32 33 36 37 39 41 46 49
graph_50_500 9 22 27
