graph_100_100 1 8 10 11 12 13 14 16 19 21 22 23 24 25 26 31 32 33 34 35 36 37 38 40 41 44 45 46 48 49 50 51 54 55 58 60 61 62 63 64 67 69 71 72 73 75 77 78 79 80 81 83 84 86 89 91 92 93 97
graph_100_1000 7 9 13 14 15 16 22 23 24 28 31 33 35 38 44 45 49 50 51 54 57 61 62 64 69 72 74 77 78 79 80 83 86 96
graph_100_250 4 6 7 9 10 11 14 16 18 19 20 21 22 23 24 26 27 28 29 31 32 33 34 35 36 38 41 44 46 47 49 50 51 53 54 57 58 60 63 65 69 71 75 76 77 78 79 80 83 86 87 89 90 91 93 95 96 97 99
graph_100_500 14 16 17 18 19 21 22 23 24 28 31 33 34 35 36 38 39 44 46 49 50 51 53 54 55 57 60 62 63 64 67 69 72 73 74 75 77 78 79 80 81 82 86 87 89 91
graph_250_1000 0 7 10 14 16 19 21 22 24 25 31 33 35 36 37 38 39 41 42 44 45 46 49 50 51 58 61 64 66 69 72 73 74 77 78 79 80 81 82 83 84 86 87 89 93 95 96 100 102 103 104 106 107 108 109 110 111 114 115 116 117 118 119 120 121 122 123 128 131 132 133 134 135 137 138 141 143 144 146 147 148 149 150 151 155 157 159 160 168 169 171 172 174 175 178 180 182 183 184 186 188 189 194 197 198 199 200 201 203 204 207 210 211 213 214 216 217 218 219 221 223 224 233 234 236 237 238 239 243 244 246 247
graph_250_250 1 4 5 6 10 11 22 23 24 25 26 27 28 29 30 31 33 34 35 36 37 38 39 40 42 43 44 45 46 49 51 52 54 55 56 58 60 61 62 64 66 69 71 72 73 75 78 79 80 82 83 86 89 90 91 93 96 100 101 104 105 106 107 108 109 110 113 115 117 118 119 120 121 123 124 125 128 130 131 132 133 134 137 138 141 143 146 148 149 150 151 153 157 159 160 162 166 167 169 170 171 172 173 174 175 177 179 180 181 182 184 185 187 189 190 191 192 193 194 197 198 200 203 204 206 207 208 209 210 213 214 216 217 218 219 220 221 222 225 226 230 233 234 237 238 240 243 245 247
graph_250_500 0 10 11 19 21 22 23 24 25 26 28 29 31 32 33 36 37 38 40 41 42 44 46 47 49 50 52 56 61 62 63 64 67 69 72 74 75 76 77 78 80 81 83 86 88 89 90 93 96 97 102 103 104 106 109 114 115 116 117 118 119 120 121 122 127 128 129 131 132 133 134 135 137 138 140 141 143 144 145 148 150 151 153 157 158 159 160 165 167 169 170 171 174 175 177 178 179 180 182 183 184 185 186 187 188 189 191 192 194 197 198 201 203 204 207 209 211 213 216 217 218 219 222 223 227 230 234 236 238 239 245 247 248 249
graph_500_1000 1 2 3 10 11 14 15 17 23 25 26 28 31 32 33 34 35 36 37 38 39 40 44 45 46 48 49 51 54 56 58 62 64 67 68 69 70 73 75 76 77 78 79 80 83 85 86 89 91 93 94 99 102 105 106 107 108 110 111 113 117 118 119 120 121 123 125 126 127 129 131 133 134 135 137 142 148 149 150 151 152 153 155 157 159 163 164 166 167 169 170 172 173 174 175 176 177 178 180 181 182 184 185 189 190 192 193 194 195 197 199 200 201 203 204 205 206 210 213 215 216 218 219 220 223 224 226 227 228 230 232 233 234 235 237 238 239 240 241 243 244 247 249 251 253 254 256 257 258 261 264 267 269 270 271 272 273 275 276 277 279 280 282 283 286 287 288 291 292 294 296 297 301 302 305 306 310 311 312 314 315 319 320 321 323 325 327 328 330 331 334 337 338 339 340 345 346 347 348 353 355 360 362 363 367 369 371 372 374 376 377 378 379 381 382 383 384 387 389 392 394 395 396 397 398 399 402 403 406 407 409 410 412 414 416 417 418 419 420 421 423 424 426 431 433 435 436 437 438 439 442 443 447 451 452 453 457 458 462 463 464 466 468 470 471 476 477 478 479 480 481 482 483 484 485 486 489 490 491 492 493
graph_500_500 6 11 12 14 15 21 22 23 24 25 26 28 31 33 35 36 37 38 40 41 42 44 45 46 49 50 53 54 55 56 58 60 61 62 64 69 73 75 77 78 79 80 81 83 86 89 91 92 94 96 97 100 101 104 105 106 107 108 111 113 114 115 117 118 121 124 125 126 127 131 132 133 134 135 137 141 148 149 150 151 153 155 157 159 160 163 164 166 167 169 170 172 173 175 176 177 178 180 182 184 185 187 190 192 193 194 195 197 201 203 206 207 210 211 213 216 217 218 219 220 225 226 230 232 234 237 238 240 243 245 247 251 254 255 256 258 259 260 261 262 263 266 267 269 270 271 272 273 275 277 279 280 281 287 288 290 291 292 294 296 297 298 299 302 303 305 306 308 309 310 311 312 313 314 316 317 321 322 326 327 329 330 332 334 335 337 339 340 343 345 346 347 348 349 355 357 361 363 369 371 374 376 377 381 382 383 386 387 388 390 391 393 396 398 399 400 402 403 406 407 409 412 414 416 417 419 420 423 424 426 429 431 432 435 436 437 438 440 443 450 451 455 457 459 460 461 462 463 468 469 470 471 476 477 479 480 481 483 484 485 487 488 489 491 492
graph_50_1000 22 23 31 36 46 49
graph_50_250 9 10 11 16 19 22 23 24 25 26 27 28 30 31 35 36 37 39 40 43 45 46 49
graph_50_50 1 3 6 9 10 11 13 14 16 19 21 22 23 24 25 28 31 33 35 36 38 39 40 41 44 45 46 48 49
graph_50_500 9 16 21 22 27 28 31 35 36 37 44 49
