graph_100_100 0 6 11 16 17 21 22 23 24 26 27 31 32 33 34 35 36 40 41 43 44 46 48 49 50 51 54 57 60 63 64 67 69 72 75 78 79 80 83 84 86 89 90 92 93 96 97 99
graph_100_1000 22 26 31 35 41 44 49 50 54 64 69 77 86
graph_100_250 6 7 10 16 18 23 31 35 36 38 39 41 42 53 56 57 59 60 62 64 69 73 76 77 78 79 80 86 91 92 93 97 99
graph_100_500 18 21 22 35 38 44 49 57 64 69 72 73 74 75 78 79 80 81 86 87 89
graph_250_1000 7 14 16 21 23 25 31 35 36 38 39 41 42 44 45 46 49 50 55 61 64 66 72 74 77 78 79 80 83 90 96 106 111 116 117 118 120 121 122 128 132 133 135 137 144 147 157 159 160 169 174 175 178 180 182 183 184 185 188 189 194 195 198 199 200 201 204 210 211 214 217 219 223 236 238 239 240 247
graph_250_250 6 9 11 12 15 22 23 25 26 28 30 31 33 35 36 38 40 45 46 47 49 50 51 54 61 62 64 66 67 69 71 74 76 77 78 80 83 86 87 88 89 91 99 106 108 110 113 115 116 117 118 119 120 121 125 128 129 131 132 133 137 138 140 151 153 155 157 160 162 167 170 171 172 173 174 175 179 180 181 184 185 187 189 190 192 193 196 198 200 201 202 203 204 207 208 209 211 213 214 216 217 218 219 222 224 226 227 230 234 236 237 238 239 240 243 247 248
graph_250_500 11 14 16 21 22 23 24 25 26 28 31 33 36 38 40 41 42 44 45 46 47 49 50 58 61 64 67 69 72 74 76 78 80 81 83 86 88 89 93 95 96 99 102 103 105 106 108 109 114 115 116 118 119 120 121 122 127 128 129 130 132 133 135 137 138 144 147 148 149 150 151 155 157 159 160 161 167 169 171 174 175 177 178 183 184 185 186 188 191 193 196 197 198 199 201 203 204 207 210 211 213 216 217 218 219 234 236 238 239 240 244 247 248
graph_500_1000 1 2 10 11 14 15 16 20 21 22 23 24 25 26 28 31 32 33 35 36 37 38 39 40 44 46 47 48 49 51 54 60 62 63 64 65 66 67 68 69 70 73 74 75 77 79 80 82 83 85 89 91 95 99 101 105 106 107 108 111 113 116 117 118 119 120 121 128 129 131 132 133 134 135 137 138 140 141 142 143 144 148 149 150 151 152 153 154 155 157 159 160 162 163 164 166 167 169 170 172 173 174 175 178 181 182 185 190 192 193 195 201 204 205 206 213 214 215 216 217 218 219 223 226 227 232 233 235 237 240 243 244 245 247 249 251 253 254 256 257 258 261 264 267 269 270 271 272 273 275 276 277 279 280 281 283 287 288 291 292 294 296 297 300 301 302 306 307 314 315 318 319 320 324 326 330 331 333 337 339 340 341 343 345 346 347 348 349 350 355 360 366 367 368 372 374 381 382 387 389 391 395 396 397 398 399 400 402 403 404 405 406 408 412 417 418 419 421 423 426 428 431 432 434 435 436 437 438 440 446 447 454 457 464 465 467 468 470 471 472 477 478 479 480 481 482 483 484 485 486 490 491 492 496
graph_500_500 6 11 12 14 16 21 22 23 24 25 26 28 31 33 34 35 36 37 38 39 40 44 45 46 49 50 51 55 57 58 60 61 62 64 68 69 72 75 78 79 80 83 86 88 89 94 96 97 105 106 108 109 110 113 115 117 118 119 120 121 124 125 127 130 131 135 136 137 141 149 151 155 157 159 160 163 164 166 167 170 172 173 174 175 177 178 180 181 184 185 186 187 188 192 197 198 200 201 204 207 210 213 218 219 220 225 226 230 232 234 237 238 239 240 241 243 245 247 248 251 254 255 256 258 260 261 267 269 271 273 275 277 280 281 287 288 291 292 293 294 297 298 300 302 303 306 308 309 310 311 315 316 317 321 326 328 329 330 334 335 336 337 340 343 345 346 347 348 352 355 369 372 374 376 381 382 383 384 387 390 391 396 397 398 399 402 403 406 407 412 414 415 416 419 420 421 423 424 426 429 431 432 434 435 436 437 438 448 450 451 457 459 460 461 462 464 468 469 471 475 476 477 479 480 481 483 484 485 486 487 490 491 492 496 497
graph_50_1000 36 49
graph_50_250 25 26 30 31 40 45 49
graph_50_50 3 9 21 22 24 25 26 31 33 35 36 37 38 39 40 41 44 45 46 48 49
graph_50_500 9 22 27
