graph_100_100 0 1 7 8 10 11 13 14 16 19 21 22 23 24 25 26 27 31 33 34 35 36 37 38 40 41 44 45 46 49 50 54 55 56 58 60 62 63 64 66 69 72 75 77 78 79 80 81 82 83 86 91 92 93 96 97
graph_100_1000 14 16 21 22 23 31 33 35 36 44 49 50 51 54 64 69 75 77 78 79 80 86 89 96
graph_100_250 1 4 6 7 9 10 11 14 16 18 20 21 22 23 24 31 32 33 35 36 38 41 42 46 49 50 51 53 54 57 58 60 62 63 64 69 75 76 77 78 79 80 83 86 90 91 93 95 97 99
graph_100_500 14 16 17 18 20 21 22 23 27 28 31 33 35 36 38 44 46 48 49 50 54 55 57 62 63 64 69 72 74 75 77 78 79 80 81 86 89 91
graph_250_1000 0 7 11 14 16 19 21 24 25 31 33 35 36 38 39 41 42 44 45 46 49 50 55 61 64 66 69 72 74 77 78 79 80 81 83 87 89 90 96 103 104 106 109 110 111 115 116 117 118 119 120 121 122 126 128 131 132 133 134 135 137 138 141 144 147 150 151 157 159 160 167 169 171 174 175 180 182 183 184 185 186 187 188 189 194 195 197 198 199 200 201 203 204 207 210 211 213 214 216 217 219 222 223 234 236 237 238 239 246 247
graph_250_250 0 5 10 11 22 23 24 25 26 27 28 30 31 32 33 34 35 36 38 40 42 45 46 49 50 54 56 58 60 61 62 63 64 66 67 69 72 73 74 75 77 78 79 80 81 83 86 87 89 90 91 93 96 100 101 102 103 104 105 106 107 108 109 113 114 115 116 117 118 119 120 121 123 124 125 128 129 131 132 133 134 137 138 141 143 146 148 149 150 151 153 157 159 160 162 165 167 169 170 171 172 173 174 175 179 180 184 185 187 189 190 193 194 197 198 201 203 204 207 209 213 214 216 217 218 219 221 222 223 226 227 230 233 234 237 238 243 245 247 248 249
graph_250_500 1 10 11 12 13 16 21 22 23 24 25 26 28 31 32 33 36 38 40 41 42 44 45 46 47 49 50 51 55 58 61 64 69 72 74 77 78 83 86 87 88 89 90 94 96 100 102 103 104 106 108 109 115 117 118 120 121 122 123 127 128 129 131 132 133 134 135 136 137 138 147 148 149 150 151 153 155 157 159 160 163 164 165 167 169 171 172 173 174 175 177 179 180 183 184 185 186 188 189 191 192 193 197 198 199 201 203 204 207 211 213 216 217 218 219 222 223 224 230 234 236 237 238 239 245 247 248 249
graph_500_1000 1 10 11 13 14 15 17 20 23 25 26 28 31 33 35 38 39 40 44 46 48 49 51 54 55 56 58 62 64 67 69 70 72 73 75 77 78 79 80 83 84 85 89 91 94 99 102 105 106 108 110 111 113 117 118 119 120 121 123 125 127 129 131 134 135 137 142 144 147 148 149 150 151 153 155 157 159 160 163 164 166 167 169 170 173 174 175 177 178 180 182 184 185 187 189 190 192 193 195 197 199 201 203 204 205 206 213 214 217 218 219 220 222 223 224 226 228 232 233 234 235 237 238 240 243 247 249 251 253 254 256 257 258 261 262 264 267 269 270 271 272 273 275 276 277 279 280 282 283 286 287 288 289 291 292 294 296 297 302 305 306 310 314 317 320 321 323 327 330 331 337 338 339 340 345 346 348 355 360 363 367 369 371 372 374 376 378 381 383 384 387 388 389 392 393 395 397 398 399 402 403 406 407 410 412 416 417 419 420 421 423 426 431 433 435 436 437 438 439 440 447 451 457 462 464 465 468 471 477 478 479 480 481 483 484 486 489 490 491 492
graph_500_500 6 10 11 12 14 21 22 23 24 25 26 28 31 33 35 36 38 40 44 45 46 49 50 51 55 57 58 60 61 64 67 69 70 75 77 78 80 83 86 89 94 96 105 106 108 109 113 115 117 118 119 120 121 124 125 126 127 131 134 135 137 141 147 149 150 151 153 155 157 158 159 160 163 164 167 169 170 172 175 177 180 184 185 187 190 192 193 195 197 201 203 204 206 210 213 216 217 218 219 220 224 226 230 232 237 238 239 240 243 244 245 247 249 251 254 256 258 261 262 267 269 271 272 273 275 276 277 279 280 287 288 291 292 294 297 298 302 308 310 311 314 316 317 321 326 327 329 330 334 335 337 339 340 343 345 346 347 348 353 355 357 362 369 371 374 376 381 383 384 387 388 389 391 398 399 402 403 406 407 416 419 420 423 424 426 429 431 432 435 436 437 438 443 450 451 455 457 459 461 462 463 464 468 469 470 471 476 477 479 480 481 483 485 486 487 491 492 499
graph_50_1000 36 44 49
graph_50_250 9 11 19 22 23 24 25 26 30 31 35 36 39 40 45 49
graph_50_50 1 3 9 16 19 21 22 24 25 31 33 35 36 39 40 41 44 45 46 48 49
graph_50_500 22 31 36 40 49
