graph_100_100 6 7 8 9 11 14 16 19 21 22 23 24 25 26 27 30 31 33 34 35 36 38 39 40 45 46 49 50 51 54 58 60 61 63 67 69 71 75 77 78 80 82 83 86 92 93 96
graph_100_1000 16 22 31 33 35 44 49 64 69 73 77 80 86 89 96
graph_100_250 7 10 16 18 21 22 23 26 31 35 36 38 41 42 50 51 53 57 58 60 61 62 64 69 73 75 76 77 78 79 80 86 87 90 91 93 94 99
graph_100_500 17 18 21 22 31 35 44 46 49 50 60 64 69 72 74 78 79 80 86 91
graph_250_1000 7 13 14 16 21 24 25 26 31 32 33 35 36 38 41 44 45 46 49 50 55 61 64 69 72 73 74 77 78 79 80 81 83 88 89 90 96 106 107 109 111 115 116 117 118 119 120 121 122 132 135 137 138 143 144 145 147 151 157 159 160 169 171 174 175 180 182 183 184 186 189 194 198 199 200 201 203 204 210 214 216 217 219 223 233 234 237 238 239 247
graph_250_250 0 6 7 11 14 22 23 24 25 26 28 30 31 32 33 35 36 38 40 45 46 49 50 54 55 58 61 62 64 66 67 69 72 74 75 77 78 79 80 81 83 86 87 88 89 91 93 96 103 104 105 106 108 109 115 117 118 119 120 121 123 125 126 128 129 131 132 133 138 146 150 151 153 157 159 160 162 165 166 167 168 169 170 171 172 174 175 177 178 180 184 185 187 189 190 193 194 196 197 198 200 201 203 204 206 207 209 213 216 217 218 219 221 222 226 230 234 236 238 243 245 247 249
graph_250_500 1 11 12 13 16 23 24 25 26 28 31 33 36 38 40 41 42 44 45 46 47 49 50 58 61 64 69 72 74 75 78 81 88 89 91 95 99 102 105 106 108 109 115 116 117 118 119 120 121 122 127 129 132 133 134 135 137 138 143 147 148 149 150 151 155 157 159 160 167 169 171 173 174 175 177 179 182 183 184 185 186 188 191 193 197 198 199 201 203 204 211 213 216 217 219 222 230 234 236 237 238 241 247 248
graph_500_1000 1 10 11 14 20 22 23 25 26 28 31 32 33 34 35 38 39 40 44 46 48 49 51 54 55 58 60 62 64 67 68 69 70 72 73 77 78 79 80 82 83 85 86 89 91 94 95 99 101 105 106 108 109 113 115 117 118 119 120 121 123 125 127 131 133 134 135 137 138 142 144 147 148 150 151 155 157 159 160 161 162 163 164 166 167 169 170 174 175 177 178 180 182 185 187 189 190 192 193 195 201 203 204 205 206 210 213 214 216 217 219 220 222 223 226 230 232 233 234 237 238 239 240 243 245 247 249 251 253 254 256 257 258 261 267 270 271 272 273 275 276 277 279 280 282 283 286 287 288 290 291 292 294 296 297 300 301 302 306 311 314 315 317 320 321 326 330 331 335 337 338 339 340 345 346 348 351 352 355 359 360 361 363 366 369 370 372 374 376 378 383 384 387 389 391 393 396 397 398 399 402 403 406 407 410 412 417 419 420 421 423 428 431 432 433 434 435 436 437 438 440 443 447 452 454 457 461 462 464 468 470 471 472 473 478 479 480 481 483 484 486 488 489 490 491 492
graph_500_500 6 11 12 14 21 22 23 24 25 26 31 33 35 36 38 40 44 46 49 50 51 55 58 60 61 64 66 69 70 72 75 77 80 83 86 91 94 96 100 105 106 107 108 109 110 113 115 117 118 119 120 121 124 125 126 131 132 134 135 137 141 148 149 150 151 153 155 157 158 159 160 163 164 167 170 172 175 177 178 180 184 185 189 190 192 193 197 201 203 206 207 210 213 215 217 218 219 220 224 226 230 232 234 237 238 239 240 243 244 245 247 251 254 256 257 258 260 261 267 269 270 271 272 273 275 277 279 280 281 287 288 291 292 297 298 302 303 304 305 308 309 310 311 314 316 317 321 326 327 329 330 332 334 335 337 339 340 343 346 347 348 353 355 363 369 371 372 373 376 377 381 383 384 387 389 391 394 398 399 402 403 406 407 409 412 416 419 420 423 424 426 429 432 435 436 437 438 440 443 450 451 455 457 461 462 463 464 468 469 471 476 477 479 480 481 483 485 487 490 491 492 499
graph_50_1000 22 36
graph_50_250 9 11 25 30 31 36 40 45 49
graph_50_50 1 4 9 16 19 21 22 24 25 30 31 33 35 36 39 40 45 46 48 49
graph_50_500 27 31 36 40
