graph_100_100 0 3 4 7 10 11 16 19 21 22 23 24 25 26 31 32 34 35 36 37 40 41 43 44 45 46 49 50 54 62 63 64 69 72 73 75 77 78 79 80 81 83 86 91 92 93 96 99
graph_100_1000 22 33 35 44 46 49 50 54 64 69 74 77 80
graph_100_250 10 14 17 18 20 21 22 23 26 31 33 35 36 38 41 42 49 50 51 53 57 58 60 62 63 64 69 75 77 78 79 80 86 87 89 91 97 99
graph_100_500 18 21 22 31 35 44 46 49 50 54 55 60 64 74 79 80 81 86
graph_250_1000 0 2 4 5 6 7 8 9 10 11 14 15 16 18 19 20 22 24 26 28 29 30 33 35 36 37 43 48 51 55 60 66 68 69 70 76 77 80 83 90 91 94 97 102 105 107 112 114 133 134 143 152 155 156 166 170 172 174 182 184 213 214 219 220 225 226 231 240 243
graph_250_250 11 12 22 23 24 25 26 28 30 31 33 35 36 38 40 45 46 49 55 61 62 63 66 67 69 71 72 74 76 77 78 80 81 83 86 87 88 89 91 103 104 105 106 108 109 115 117 118 119 120 121 123 125 129 130 131 132 137 138 140 151 153 157 160 162 164 167 169 170 171 172 174 175 179 180 182 184 185 187 190 193 196 197 198 201 203 204 206 213 214 216 217 218 219 222 223 226 230 234 236 238 239 240 242 243 245 249
graph_250_500 1 10 11 13 16 21 23 24 25 26 28 31 33 36 38 40 41 42 44 45 46 47 49 50 55 58 61 67 69 72 78 81 88 89 90 96 102 103 104 106 108 109 115 117 118 119 120 121 122 127 129 130 132 133 134 135 137 138 143 144 147 148 149 150 151 153 155 157 159 160 167 169 171 172 174 175 177 179 180 183 184 185 186 188 189 191 192 193 197 198 199 201 203 204 210 211 213 216 217 218 219 222 223 234 236 238 239 241 247 248
graph_500_1000 0 1 3 4 5 7 8 9 10 11 12 13 14 15 16 17 18 19 20 21 22 23 26 28 29 30 31 32 35 36 37 38 39 40 41 42 43 45 47 48 49 50 52 53 54 55 56 57 58 60 61 63 65 67 68 71 72 74 75 76 78 80 81 82 83 84 87 88 89 90 96 97 98 102 103 106 110 112 115 118 120 122 124 127 130 134 135 137 138 141 142 143 145 147 149 150 152 154 155 156 158 161 163 166 169 170 172 174 175 181 185 186 187 188 195 201 204 206 208 211 213 214 218 219 220 221 222 223 228 229 230 232 234 241 247 255 257 258 262 264 275 283 284 286 296 298 312 313 316 324 327 332 342 345 346 349 350 353 357 358 362 363 365 369 382 392 403 411 417 424 431 435 445 454 457 463 468 472 477 487 495 496 498
graph_500_500 4 6 11 12 14 17 21 22 23 25 26 28 31 35 36 38 40 44 45 46 49 50 51 54 55 57 58 61 62 64 66 67 69 70 75 79 80 83 86 89 91 94 96 105 106 108 109 113 115 117 118 119 121 124 125 126 130 131 135 137 141 143 147 149 150 151 155 157 158 159 160 164 167 169 170 172 174 175 177 178 180 184 185 186 187 190 192 193 194 196 197 200 201 203 204 206 210 213 215 217 218 219 220 222 226 230 232 234 237 238 239 240 243 244 245 247 249 251 254 256 258 260 261 263 267 269 270 271 272 273 275 276 277 279 280 281 283 287 288 291 292 294 297 298 302 308 310 311 312 314 316 317 318 321 324 326 327 329 330 335 337 340 343 345 346 347 348 363 367 369 371 372 376 381 383 384 387 389 391 396 398 399 402 403 406 407 409 412 413 419 420 421 423 426 429 431 432 434 435 436 437 438 440 450 451 455 457 459 460 462 468 469 470 471 476 477 479 480 481 483 486 487 490 491 492 497 499
graph_50_1000 22 36
graph_50_250 11 23 25 26 30 31 40 45
graph_50_50 1 3 9 11 14 21 24 25 31 33 35 36 37 38 40 41 44 46 48 49
graph_50_500 27 31 36 40
