graph_100_100 0 1 4 5 6 11 12 18 21 22 23 24 26 30 31 36 38 40 42 43 44 45 50 54 56 62 64 67 68 69 72 73 75 77 78 79 80 81 82 83 86 88 89 90 91 92 94 97 99
graph_100_1000 15 32 33 35 36 45 49 50 54 59 62 75 77 78 89
graph_100_250 0 1 11 14 16 17 18 21 22 23 31 32 35 36 38 40 41 42 50 57 58 60 62 63 64 69 72 73 75 77 79 80 83 86 89 91 92 93 97 99
graph_100_500 14 17 18 20 23 35 38 44 46 49 50 59 64 69 74 75 77 80 86 89 93 95 96 98
graph_250_1000 1 5 8 12 13 14 21 24 25 26 28 31 33 35 36 38 39 40 41 44 45 49 50 52 53 55 61 64 67 69 73 74 77 78 79 81 83 89 90 96 101 103 106 108 111 115 116 120 122 129 131 132 133 134 135 136 137 143 147 149 159 163 166 167 169 172 173 174 177 179 182 183 184 186 187 190 195 197 198 199 200 201 203 204 210 211 215 216 219 233 234 236 238 239 240 244 247
graph_250_250 0 11 12 16 22 24 25 26 27 29 30 31 32 33 35 36 37 38 40 41 43 45 46 49 52 54 55 60 61 62 63 64 68 69 72 73 74 75 77 83 84 86 88 91 94 103 104 105 108 109 113 114 115 117 118 119 121 124 125 128 130 131 132 137 138 139 145 146 149 151 153 155 156 157 159 160 162 163 164 166 167 170 171 172 173 175 179 180 182 184 186 187 189 190 192 193 195 196 197 198 204 206 207 208 211 212 213 214 215 217 218 219 221 222 223 225 226 228 230 231 232 233 234 235 237 238 239 243
graph_250_500 0 7 10 11 13 14 19 21 22 23 24 25 26 28 31 32 33 35 36 37 38 39 40 46 47 48 49 50 54 55 56 58 59 60 61 62 66 67 69 71 74 75 77 78 81 82 83 88 89 93 95 96 104 108 109 114 115 116 117 118 119 120 122 123 125 128 129 131 132 133 135 137 138 141 144 148 149 151 153 155 159 160 164 167 169 170 171 175 176 177 178 179 180 182 183 184 185 186 187 188 189 190 191 192 193 195 197 198 200 203 204 207 209 210 212 213 216 217 218 219 223 225 236 238 240 244 248
graph_500_1000 1 3 4 6 11 12 13 14 15 16 19 20 21 25 26 27 28 29 31 32 33 34 35 36 37 40 42 43 44 45 46 48 49 51 53 55 56 57 58 59 61 62 64 65 67 69 70 72 73 75 76 77 78 79 80 82 83 84 85 91 93 94 95 98 99 101 102 105 106 107 113 114 115 116 117 118 119 120 123 125 126 131 132 133 134 135 137 138 142 143 148 149 150 151 153 155 157 159 161 163 164 165 166 167 170 173 174 175 177 178 180 181 184 185 189 190 192 193 195 199 200 201 206 207 209 211 213 215 216 219 223 224 225 226 231 232 233 234 237 238 239 240 241 243 245 246 247 249 253 255 256 258 259 260 261 262 263 264 267 270 271 272 273 275 277 279 280 282 283 284 287 288 289 290 292 294 295 297 299 300 301 302 303 304 306 307 308 309 311 317 318 319 320 323 324 325 328 329 330 332 334 337 338 339 340 343 346 348 352 355 359 360 363 364 365 366 367 370 371 372 373 374 375 377 378 381 383 384 387 388 389 390 391 393 394 395 397 398 399 403 406 407 408 409 410 411 412 417 418 419 420 421 423 424 426 427 429 431 433 435 436 437 438 439 440 443 446 447 455 457 459 462 464 465 466 468 469 471 472 473 474 476 477 478 479 480 481 482 484 485 487 488 490 491 492 493 496 498 499
graph_500_500 1 4 7 12 14 16 17 19 21 22 23 25 26 28 29 30 31 33 34 39 40 41 44 45 46 47 49 50 54 55 56 57 58 59 60 61 64 65 66 68 69 70 72 73 75 78 79 80 82 86 91 92 94 100 101 104 105 106 109 110 111 115 117 118 119 120 121 122 123 124 125 126 129 130 131 135 137 141 144 146 147 149 150 151 152 153 154 155 157 159 160 164 165 167 169 170 173 175 177 178 182 183 184 185 186 189 190 193 195 197 200 201 202 203 204 206 209 213 215 219 221 223 225 226 230 231 232 233 234 237 238 239 241 242 243 245 251 254 255 257 258 259 260 261 262 264 265 266 267 268 269 271 272 275 276 277 278 281 282 283 285 287 290 291 292 296 297 298 299 300 302 304 309 310 311 314 316 317 318 319 324 326 328 329 330 336 337 340 343 346 347 348 351 352 353 355 359 360 362 366 369 370 371 372 376 377 380 381 383 384 387 390 391 393 394 395 396 398 400 401 402 403 406 407 410 411 412 414 415 416 417 419 420 421 423 425 431 432 433 435 437 442 443 446 451 455 457 461 462 463 464 465 467 468 469 470 471 472 476 477 479 480 481 483 486 487 488 489 490 491 495 497 498 499
graph_50_1000 36 49
graph_50_250 11 16 25 26 30 31 35 36
graph_50_50 3 9 10 12 21 22 23 24 25 26 31 33 35 38 39 40 41 44 45 46 48
graph_50_500 16 22 28 38
