graph_100_100 0 1 3 4 5 6 7 8 9 10 11 12 13 14 15 17 19 20 21 22 23 29 30 31 32 33 34 35 36 37 40 45 46 49 51 52 58 61 63 77 78 80 87 91
graph_100_1000 9 14 22 31 33 35 44 45 49 50 78 80 86 89 96
graph_100_250 0 1 3 4 6 7 9 11 12 13 14 15 16 19 21 22 24 25 27 29 30 31 32 33 34 35 36 37 45 46 49 51 54 61 70 78 86
graph_100_500 16 18 21 22 31 35 44 46 49 50 54 55 74 75 77 79 80 81 86 91 96
graph_250_1000 0 2 4 5 6 7 8 9 10 11 14 15 16 18 19 20 22 24 26 28 29 30 33 35 36 37 43 48 51 55 60 66 68 69 70 76 77 80 83 90 91 94 97 102 105 107 112 114 133 134 143 152 155 156 166 170 172 174 182 184 213 214 220 225 226 231 240 243
graph_250_250 0 1 2 3 4 5 6 7 8 9 10 11 12 13 14 15 16 17 18 19 20 21 22 23 26 28 29 30 32 33 34 36 37 42 43 47 48 49 50 51 52 53 54 55 56 57 58 61 63 64 66 68 69 70 72 74 76 77 78 80 83 84 87 89 90 91 92 95 97 98 99 100 101 102 103 105 107 111 112 118 119 120 122 123 126 134 141 143 147 148 149 152 164 166 168 169 173 174 178 183 185 190 212 218 228 229 230 234 242 249
graph_250_500 0 1 2 3 4 5 6 7 8 9 10 11 13 14 15 16 17 18 19 20 22 23 26 28 29 30 31 32 33 34 35 36 37 43 47 48 50 51 52 53 54 55 57 63 64 66 68 69 70 76 77 83 84 87 90 91 92 94 97 99 100 101 102 105 107 112 118 119 121 126 140 143 149 152 156 161 164 166 168 170 172 173 174 181 184 185 190 210 212 220 226 231 232 239 242 249
graph_500_1000 0 1 3 4 5 7 8 9 10 11 12 13 14 15 16 17 18 19 20 21 22 23 26 28 29 30 31 32 35 36 37 38 39 40 41 42 43 45 47 48 49 50 52 53 54 55 56 57 58 60 61 63 65 67 68 71 72 74 75 76 78 80 81 82 83 84 87 88 89 90 96 97 98 102 103 106 110 112 115 118 120 122 124 127 130 134 135 137 138 141 142 143 145 147 149 150 152 154 155 156 158 161 163 166 169 170 172 174 175 181 185 186 187 188 195 201 204 206 208 211 213 214 218 219 220 221 222 223 228 229 230 232 234 241 247 255 257 258 262 264 265 275 283 284 286 296 298 312 313 316 324 327 332 342 345 346 349 350 353 357 358 362 363 365 369 382 392 403 411 417 424 445 454 457 463 468 472 477 487 495 496 498
graph_500_500 0 1 2 3 4 5 6 7 8 9 10 11 12 13 14 15 16 17 18 19 20 21 22 23 26 28 29 30 31 32 33 34 35 36 37 38 39 40 41 42 43 45 47 48 49 50 51 52 53 54 55 56 57 58 60 61 62 63 64 65 66 67 68 69 70 72 74 75 76 77 78 80 82 83 84 87 88 89 90 91 94 95 97 98 99 102 103 104 105 106 107 110 112 115 118 119 120 122 123 124 126 134 135 137 138 139 141 142 143 145 149 150 152 154 155 156 158 161 162 163 165 166 168 169 170 172 175 181 184 185 186 188 191 195 204 206 208 211 213 214 218 219 220 221 222 228 229 230 232 233 234 236 237 241 242 244 247 255 257 261 262 264 271 283 284 285 286 287 294 296 298 300 309 312 314 316 324 326 328 330 332 343 346 349 351 353 362 363 365 373 375 382 387 388 392 408 409 410 411 417 418 421 425 426 434 435 437 445 468 472 483 484
graph_50_1000 36 49
graph_50_250 11 23 25 26 30 31 36 40 45 49
graph_50_50 3 9 16 17 19 21 22 25 26 30 31 33 35 36 39 40 45 46 48 49
graph_50_500 9 22 27
