graph_100_100 1 6 7 8 10 11 13 14 16 19 21 22 23 24 25 26 27 31 33 34 35 36 37 38 40 41 44 45 46 49 50 51 54 55 56 58 60 61 63 64 66 67 69 71 72 75 77 78 79 80 81 82 83 86 91 92 93 96 97
graph_100_1000 7 9 14 21 22 23 24 26 28 31 33 35 36 38 44 49 50 51 54 57 61 64 69 72 75 77 78 79 80 83 86
graph_100_250 1 4 5 6 7 9 10 11 14 16 18 20 21 22 23 24 26 27 30 31 32 33 35 36 37 38 46 49 50 53 54 57 58 60 62 63 64 65 69 75 76 77 78 79 80 81 83 86 90 91 93 95 97 98 99
graph_100_500 5 14 18 20 21 22 23 24 27 28 31 32 33 35 36 38 44 46 49 50 54 55 57 58 60 62 63 64 67 69 72 74 75 77 78 79 80 81 83 86 89 91
graph_250_1000 0 7 11 14 16 17 19 21 22 24 25 28 33 34 35 36 37 38 41 42 44 45 46 49 58 61 64 69 72 74 77 78 79 80 81 82 83 86 87 89 93 95 96 100 103 104 105 106 109 110 111 115 116 117 118 119 120 121 122 123 126 128 131 132 133 134 135 137 138 141 143 144 146 147 148 150 151 155 157 159 160 162 167 169 171 175 177 178 180 182 183 184 185 186 187 188 189 194 195 197 198 199 200 201 203 204 207 210 211 213 214 215 216 217 219 221 223 234 235 236 237 238 239 243 244 246 247 248
graph_250_250 5 6 7 11 16 22 23 24 25 26 27 28 29 30 31 32 33 34 35 36 37 38 40 42 44 46 49 50 54 55 56 58 60 61 62 64 66 69 71 72 73 74 75 78 79 80 81 83 86 87 88 89 90 91 93 94 96 100 101 102 104 105 106 107 108 109 114 115 117 118 119 120 121 123 124 125 128 129 130 131 132 133 134 137 138 140 146 148 149 150 151 153 157 159 160 162 164 165 167 169 170 171 172 173 174 175 177 179 180 181 184 185 187 189 190 193 194 196 197 198 200 201 203 204 207 213 214 216 217 218 219 221 222 226 227 230 233 234 237 238 241 243 245 247 248 249
graph_250_500 0 1 10 11 16 21 22 23 24 25 26 28 29 31 32 33 36 37 38 40 41 42 44 45 46 47 49 50 51 55 61 64 66 69 72 75 77 78 80 83 86 89 90 93 94 96 100 102 103 104 105 106 108 109 115 117 118 119 120 121 122 123 128 129 131 132 133 134 135 137 138 140 144 145 147 148 149 150 151 153 155 157 159 160 164 165 167 169 171 172 173 174 175 177 179 180 183 184 185 186 188 189 191 192 193 196 197 198 199 201 203 204 205 207 210 213 216 217 218 219 222 223 230 234 236 237 238 239 241 243 245 246 247 248 249
graph_500_1000 1 10 11 13 14 15 16 20 22 23 25 26 28 31 32 33 34 35 38 39 40 44 46 48 49 51 54 55 56 58 60 62 64 65 67 68 69 70 73 75 77 78 79 80 83 84 85 89 91 93 94 99 101 105 106 107 108 111 113 117 119 120 121 123 125 126 127 129 131 132 134 135 137 138 139 142 144 148 149 150 151 153 155 157 159 160 161 163 164 166 167 169 170 173 174 175 177 178 180 181 182 184 185 189 190 192 193 195 197 201 202 203 204 205 206 213 214 215 216 219 220 222 223 224 226 230 232 233 234 235 237 238 240 243 245 247 249 251 253 254 255 256 257 258 261 267 269 270 271 272 273 276 277 280 282 283 286 287 288 290 291 292 294 295 296 297 300 302 306 311 312 314 315 317 320 322 326 330 331 335 337 338 339 340 343 345 346 348 353 355 360 362 363 366 369 370 372 374 376 377 378 383 384 387 389 392 394 395 396 397 398 399 400 402 403 406 407 409 410 412 414 416 417 419 420 421 423 429 431 432 433 434 435 436 437 438 439 440 443 446 447 450 451 452 453 457 458 461 462 464 465 468 470 471 476 477 478 479 480 481 482 483 484 486 488 489 490 491 492
graph_500_500 1 6 7 11 12 13 14 17 21 22 23 25 26 31 35 36 38 40 41 44 45 46 49 50 51 54 55 57 58 60 61 62 64 67 69 72 75 79 80 83 86 89 90 91 94 96 104 105 106 108 109 115 117 118 119 120 121 124 125 126 127 129 130 131 134 135 137 141 147 149 150 151 153 154 155 157 159 160 163 164 166 170 172 173 174 175 177 178 180 182 184 185 187 189 190 192 193 194 195 197 198 199 200 201 203 204 206 207 210 213 214 215 216 217 218 219 220 225 226 230 232 234 237 238 239 240 243 244 245 247 249 251 254 255 256 258 259 260 261 262 263 267 269 270 271 272 273 275 276 277 278 279 280 281 282 283 287 288 291 292 293 294 296 297 299 302 303 304 306 308 310 311 313 314 316 317 321 324 326 327 328 329 330 334 335 337 339 340 343 345 346 347 348 355 360 363 369 371 374 376 381 382 383 384 387 388 390 391 393 396 398 399 402 403 406 407 409 411 412 413 416 419 420 423 424 426 427 428 429 431 432 435 436 437 438 440 450 451 455 457 459 460 461 462 463 464 468 469 470 471 476 477 479 480 481 483 484 485 486 487 490 491 492 496 497 499
graph_50_1000 14 26 31 36 49
graph_50_250 9 10 11 22 23 24 26 27 28 30 31 36 37 38 39 40 43 45 46 49
graph_50_50 1 3 6 9 10 13 14 16 19 21 22 23 24 25 28 31 33 35 36 38 39 40 41 44 45 46 48 49
graph_50_500 22 23 26 27 28 31 35 36 40 49
