graph_100_100 3 12 14 22 26 27 31 36 38 39 40 41 45 46 47 48 49 50 51 55 58 66 67 68 70 71 77 78 79 83 86 87 90 99
graph_100_1000 22 23 26 35 49 50 62 64 69
graph_100_250 10 16 31 35 41 49 57 58 59 60 62 63 64 76 77 79 85 87 99
graph_100_500 21 22 23 26 35 36 41 46 54 64 79 80 86 99
graph_250_1000 20 21 22 26 31 35 36 41 45 49 55 77 79 80 90 103 106 107 108 115 116 117 118 131 135 144 157 167 169 172 173 175 184 189 201 210 214 219 223 239
graph_250_250 0 10 12 22 23 24 25 26 28 31 33 35 36 40 42 44 45 46 47 49 54 55 59 61 62 67 69 70 76 82 83 86 89 92 95 101 102 105 108 109 110 115 118 120 121 125 129 130 131 135 137 151 160 163 164 166 167 168 169 172 175 180 184 185 187 190 192 193 195 197 200 204 210 214 216 217 219 222 223 225 228 233 234 238 239 243 247
graph_250_500 11 16 20 23 26 31 38 40 43 44 45 46 47 49 54 55 58 61 62 66 69 76 77 80 88 96 102 106 108 116 118 121 137 138 144 151 157 160 166 167 171 173 174 175 180 181 183 184 189 192 197 204 213 219 229 236 237 239 240 243 247
graph_500_1000 11 14 26 28 32 34 36 49 58 62 65 74 75 77 83 85 86 89 90 91 105 106 107 109 110 113 118 121 127 134 135 143 148 149 150 161 164 170 172 187 190 192 193 195 197 201 203 213 219 222 223 226 237 239 246 256 258 260 261 263 267 268 270 273 274 275 280 282 292 295 296 297 302 303 306 311 314 317 321 323 332 340 348 352 360 376 378 380 387 389 391 393 397 399 403 406 408 412 420 431 436 437 440 447 448 454 455 462 471 477 478 479 483 484 488 490 491 493 498 499
graph_500_500 10 11 12 16 21 22 24 25 26 35 36 37 38 39 41 44 46 47 49 50 55 58 61 63 67 73 74 75 83 86 96 105 106 108 109 115 117 118 121 125 130 131 137 141 146 149 150 151 155 156 157 161 164 167 169 172 174 175 180 184 185 187 190 192 193 197 198 201 203 204 208 211 213 217 218 219 223 224 229 230 231 233 234 237 239 240 243 244 245 253 254 256 258 259 261 262 263 264 266 267 269 272 273 280 281 282 288 289 292 294 304 307 308 309 310 311 314 316 318 321 322 324 326 327 329 330 334 337 339 341 345 346 347 350 355 357 367 369 372 374 378 383 386 387 389 391 398 403 411 420 421 423 426 431 433 435 437 441 448 451 457 460 468 469 470 471 475 476 477 479 480 483 485 486 490 491 493 498
graph_50_1000 36 49
graph_50_250 9 23 25 30 36 40
graph_50_50 3 5 9 13 14 17 26 28 31 32 33 36 37 39 41 46 49
graph_50_500 9 22 27
