graph_100_100 0 1 8 11 13 14 16 19 21 22 23 24 25 26 27 30 31 32 33 34 35 36 37 38 40 41 45 46 48 49 50 54 55 56 58 60 61 62 63 64 67 69 72 75 77 78 79 80 81 83 86 88 89 91 92 93 96 97
graph_100_1000 7 9 14 16 21 22 23 24 28 31 33 35 36 44 45 49 50 51 54 61 64 69 72 73 75 77 78 79 80 83 86 89
graph_100_250 1 4 5 6 7 9 10 11 14 16 18 20 21 22 23 24 27 30 31 32 33 35 36 38 46 49 50 53 54 57 58 60 62 63 64 65 69 75 76 77 78 79 80 81 83 86 90 91 93 95 97 98 99
graph_100_500 5 14 16 18 19 20 21 22 24 27 28 31 32 33 35 36 38 42 44 49 50 54 55 57 58 62 63 64 67 69 72 74 75 77 78 79 80 81 86 89 91 95 96
graph_250_1000 0 7 14 16 21 24 25 26 31 32 33 35 36 38 39 41 44 45 46 49 50 55 61 64 66 69 72 74 77 78 79 80 81 82 83 84 87 89 95 96 100 103 104 105 106 108 109 110 111 114 115 116 117 118 119 120 121 122 126 128 130 131 132 134 135 137 138 141 143 144 147 148 149 151 155 156 157 159 160 162 169 174 175 180 183 184 186 188 189 193 194 195 197 198 199 200 201 203 204 207 210 211 213 214 215 216 217 218 219 223 226 233 234 236 237 238 239 243 244 246 247
graph_250_250 0 5 6 11 12 16 19 22 23 24 25 26 28 30 31 33 34 35 36 38 40 42 44 45 46 49 50 54 55 56 60 61 62 64 66 67 69 72 73 74 75 78 79 80 81 82 83 86 88 89 90 91 93 103 104 105 106 108 109 113 114 115 117 118 119 120 121 123 124 125 128 129 130 131 132 133 137 138 140 141 146 148 149 150 151 153 155 157 159 160 161 162 164 165 166 167 169 170 171 172 173 174 175 177 179 180 184 185 187 189 190 191 193 194 196 197 198 200 203 204 206 207 213 214 215 216 217 218 219 221 222 224 225 226 227 230 233 234 236 237 238 239 240 241 243 245 247 249
graph_250_500 0 1 10 11 15 21 22 23 24 25 26 28 31 32 33 36 38 40 41 42 44 45 46 47 49 50 51 56 58 61 64 66 67 69 72 77 78 80 83 86 89 90 93 94 96 100 102 103 104 106 108 115 116 117 118 120 121 122 123 128 129 131 133 134 135 136 137 138 145 147 148 149 150 151 153 155 157 159 160 165 167 169 171 173 174 175 177 178 179 180 183 184 185 186 188 189 191 192 193 196 197 198 199 201 203 204 205 207 209 210 211 213 216 217 219 222 223 224 227 230 234 236 238 239 241 245 246 247 248 249
graph_500_1000 1 4 10 11 14 15 22 23 25 26 28 31 32 33 34 35 38 39 40 44 45 46 48 49 51 54 55 56 58 60 62 64 65 66 67 68 69 70 73 75 76 77 78 79 80 82 83 84 85 86 89 91 93 94 99 105 106 107 111 113 117 118 119 120 121 123 125 129 131 135 137 138 142 144 148 149 150 151 153 155 157 159 160 164 166 167 169 170 173 174 175 177 178 180 182 184 185 189 190 192 193 195 197 199 200 201 203 204 205 206 213 214 218 219 220 222 223 224 226 230 232 233 234 235 237 238 240 242 243 245 247 249 251 253 254 256 257 258 261 267 269 270 271 272 273 275 276 277 279 280 282 283 287 288 289 290 291 292 294 295 296 297 300 301 302 305 306 312 314 315 317 318 320 321 329 330 331 335 337 338 339 340 343 346 348 355 360 362 363 366 369 370 371 372 374 376 378 381 383 384 387 389 390 391 393 394 395 396 397 398 399 402 403 406 407 410 412 414 416 417 419 420 421 423 426 429 431 432 433 434 435 436 437 438 439 440 443 446 447 450 451 452 457 461 462 464 465 468 470 471 475 476 477 478 479 480 481 482 483 484 486 489 490 491 492
graph_500_500 4 6 11 12 14 21 22 23 24 25 26 28 31 33 35 36 38 40 44 45 46 50 51 55 57 58 60 61 62 64 69 70 72 75 77 78 79 80 83 86 89 91 100 104 105 106 108 109 113 115 117 118 119 120 121 124 125 127 131 135 137 141 147 149 150 151 153 155 157 158 159 160 163 164 167 169 170 172 175 177 178 180 182 184 185 187 190 192 193 195 197 200 201 203 204 206 210 213 216 217 218 219 220 222 224 226 230 232 234 237 238 239 240 243 244 245 247 249 251 254 255 256 258 260 261 262 267 269 271 272 273 275 276 277 279 280 287 288 291 292 297 298 302 308 310 311 314 316 317 321 326 327 328 329 330 334 335 337 339 340 343 345 346 347 348 353 355 357 369 371 374 376 377 381 382 383 384 387 388 391 398 399 402 403 406 407 409 410 412 416 419 420 423 424 426 429 430 431 432 435 436 437 438 443 450 451 455 457 459 461 462 463 464 468 469 471 475 476 477 479 480 481 483 486 487 491 492 496 499
graph_50_1000 11 14 31 49
graph_50_250 9 11 19 22 23 24 25 26 28 30 31 35 36 37 39 40 43 45 46 49
graph_50_50 1 3 5 6 9 10 14 19 21 22 23 24 25 28 31 33 35 36 38 39 40 41 44 45 46 48 49
graph_50_500 22 26 27 28 31 35 36 40 49
