graph_100_100 1 2 4 5 6 7 9 13 22 24 25 27 28 29 31 32 33 35 38 39 40 41 43 44 45 46 47 49 50 51 54 57 58 59 60 62 63 64 65 66 67 68 69 70 71 72 74 75 76 79 80 82 83 84 85 86 88 90 92 93 95 96 97 98 99
graph_100_1000 1 2 6 7 9 13 14 16 17 21 24 26 27 28 29 30 31 33 35 36 37 38 39 43 45 46 47 49 53 56 57 60 61 70 73 75 77 79 83 87 89 94
graph_100_250 1 3 4 5 6 7 9 10 11 14 16 17 18 19 20 21 22 23 24 26 27 28 30 31 32 33 34 35 36 37 38 42 43 45 46 50 51 52 53 56 57 58 62 63 64 66 67 68 69 70 72 73 75 76 77 78 79 80 81 82 83 85 86 87 89 90 91 92 93 94 95 96 97 98 99
graph_100_500 0 1 2 3 4 6 7 8 9 11 14 15 16 17 18 19 20 21 22 23 24 26 28 29 30 32 33 35 36 37 38 39 41 42 43 45 46 47 48 49 50 51 53 54 55 56 57 58 59 60 61 62 63 64 65 67 68 69 70 71 72 73 75 76 77 79 81 82 83 84 85 86 89 90 93 96 97 98
graph_250_1000 0 1 2 4 5 6 7 8 9 10 11 12 17 19 21 22 23 24 25 26 27 28 29 31 33 34 35 36 37 38 39 40 41 42 44 45 46 47 49 50 51 52 53 55 56 58 59 61 62 63 64 68 69 70 71 72 73 74 76 77 78 79 80 81 82 83 85 86 87 88 89 94 96 97 99 101 104 109 111 112 113 114 117 119 120 121 122 125 126 127 128 129 131 132 133 134 135 136 137 138 139 140 143 145 146 147 150 151 153 155 156 157 158 159 160 161 162 163 164 165 166 167 169 171 172 174 175 177 179 180 181 182 183 184 186 187 188 189 190 192 193 194 195 196 200 201 202 203 204 206 209 210 211 212 213 214 215 216 217 218 219 220 222 224 230 231 232 234 235 236 237 238 239 240 242 243 244 245 246 247 248 249
graph_250_250 1 3 4 6 8 9 10 11 12 14 19 20 21 24 25 26 27 28 29 30 33 34 35 36 37 38 39 40 42 43 44 45 49 51 52 53 54 56 57 58 59 60 61 63 64 65 67 69 71 72 73 74 75 76 77 78 79 81 82 83 84 85 86 87 89 90 91 95 97 98 99 100 102 103 104 105 106 107 109 110 113 114 115 116 119 121 124 125 126 127 128 130 131 132 133 138 139 141 143 147 148 149 150 151 152 154 155 157 158 159 160 161 162 163 165 166 167 171 172 177 178 179 182 183 185 186 188 190 194 195 198 199 202 203 207 208 209 211 213 214 215 216 217 219 221 223 224 225 228 230 231 232 234 235 236 238 240 242 243 244 245 247 248
graph_250_500 0 1 2 3 4 5 7 9 10 11 12 13 14 15 17 19 21 22 23 25 26 28 29 30 31 34 35 36 37 38 39 40 41 42 43 44 45 46 47 49 50 53 55 58 60 62 63 64 67 68 69 71 72 76 77 78 79 80 81 82 83 84 86 87 88 89 90 91 92 93 94 95 96 98 100 101 102 103 104 108 109 114 115 116 117 118 119 120 122 124 125 127 128 129 130 131 132 134 135 136 137 141 143 145 147 148 151 152 153 154 155 157 159 160 163 164 166 167 168 169 171 172 173 175 177 178 180 181 183 184 185 186 187 190 191 192 193 194 195 196 198 200 201 202 203 204 205 206 209 210 211 212 213 216 218 219 220 223 224 225 229 230 232 234 235 236 238 239 240 241 242 243 244 245 246 247 248 249
graph_500_1000 0 1 2 3 7 8 10 11 12 14 15 16 19 20 21 25 26 27 28 29 31 32 33 34 37 38 41 43 44 46 48 49 50 51 52 53 54 56 57 58 60 61 62 63 64 66 67 68 69 71 73 74 75 76 77 78 79 80 81 82 83 84 85 86 87 89 90 93 94 95 96 97 98 99 100 102 103 104 105 107 109 110 111 113 116 117 118 120 121 122 123 124 125 126 128 129 130 132 134 137 138 140 141 142 144 145 146 148 149 150 151 152 153 154 155 157 158 159 160 161 162 163 164 166 167 168 169 170 171 172 174 175 176 180 181 183 184 185 187 189 190 192 193 194 195 197 198 199 201 203 204 205 206 207 208 210 211 212 213 215 216 217 218 219 220 221 222 223 225 226 227 228 229 230 231 232 233 234 235 236 237 238 240 241 242 243 244 245 246 247 250 253 256 257 258 259 260 261 262 263 264 266 267 268 269 270 271 272 273 275 276 277 279 282 283 286 287 288 290 291 294 295 296 297 298 299 301 302 303 304 305 306 307 309 310 311 313 317 318 319 321 323 324 325 327 329 330 331 332 335 336 337 338 339 341 342 343 346 347 348 349 350 351 352 353 354 355 357 359 360 363 365 366 367 368 371 372 373 375 377 379 381 386 387 389 390 391 393 395 396 398 400 401 402 403 408 412 413 414 415 417 419 420 421 423 424 426 427 428 429 430 431 433 435 436 437 438 439 440 443 444 446 447 449 450 451 453 454 455 458 459 460 461 462 463 464 465 466 467 468 470 471 472 473 474 477 478 479 480 481 482 483 484 486 487 489 490 491 492 493 496 498
graph_500_500 4 5 6 9 10 11 12 13 15 17 18 20 21 22 23 25 26 27 28 29 30 32 34 35 36 37 38 40 43 46 47 48 49 51 52 53 54 58 61 62 65 66 68 69 70 71 74 77 78 79 83 85 91 94 96 98 100 104 105 106 108 111 113 114 116 117 118 119 120 122 123 124 125 130 131 132 133 137 138 141 142 143 144 145 146 147 148 149 150 151 152 153 154 156 157 158 159 160 164 165 166 167 168 170 171 173 174 175 176 177 178 179 180 181 182 186 187 190 192 193 195 196 197 200 201 207 208 210 211 212 213 215 216 218 219 220 221 222 223 224 225 226 227 228 230 231 232 233 235 236 238 239 240 243 246 247 248 249 250 253 256 257 258 261 262 263 264 266 267 269 270 272 273 274 275 277 279 283 287 288 289 290 292 297 298 299 301 302 303 305 306 308 311 312 314 317 318 319 322 323 325 326 327 329 332 333 337 338 339 340 341 342 345 347 348 349 351 358 359 360 361 362 363 364 368 369 370 371 372 373 376 377 379 380 381 382 383 386 389 390 391 393 394 395 396 397 398 401 402 403 404 405 407 409 411 413 414 415 416 417 418 419 420 421 423 425 426 427 428 431 432 434 435 436 439 440 442 446 448 450 451 453 454 455 458 460 461 462 464 466 467 468 469 470 473 474 475 476 477 478 479 480 482 483 484 486 487 488 491 493 494 496 498
graph_50_1000 0 4 24 26 27 33 43
graph_50_250 1 2 3 4 5 6 9 10 11 14 16 17 18 19 20 22 23 24 26 27 28 29 30 31 33 34 35 36 37 39 40 41 44 45 46 49
graph_50_50 1 2 4 6 7 8 9 10 11 12 13 15 16 17 19 20 21 22 23 24 25 29 32 33 35 36 37 38 41 42 43 44 47 49
graph_50_500 0 2 6 7 8 9 14 15 20 21 23 24 25 28 36 37 38 39 43 45
